1.362517 
0.899233 
0.860650 
0.837933 
0.859150 
0.854917 
0.658233 
0.606767 
1.122983 
1.071400 
1.157500 
1.128550 
1.099383 
1.042750 
1.104067 
1.107500 
1.035567 
0.784467 
0.623383 
0.775833 
0.893783 
1.126233 
1.475733 
1.383417 
1.383083 
1.279083 
1.156900 
1.062133 
0.873650 
1.101717 
0.894317 
0.866000 
1.101733 
1.037400 
1.040600 
1.031283 
1.091617 
1.063483 
1.068317 
1.051333 
1.128617 
0.757850 
0.782100 
1.044000 
0.832550 
0.891367 
1.109333 
1.210383 
1.176217 
1.274717 
1.006267 
0.949267 
0.644617 
1.057117 
0.916983 
0.915200 
0.752500 
1.042767 
1.099133 
1.112367 
1.122533 
1.166900 
1.187183 
1.159283 
1.131933 
0.887883 
0.850000 
0.799950 
0.655100 
1.135583 
1.216000 
1.294067 
1.453033 
1.397417 
1.147867 
1.103033 
1.004917 
0.939917 
1.002183 
0.830133 
0.900750 
1.106650 
1.209483 
1.055183 
1.060783 
1.108350 
1.080633 
1.105050 
0.975067 
0.802900 
0.935567 
0.874167 
1.383333 
1.247017 
1.306067 
1.208783 
1.273083 
1.159983 
1.048683 
1.104100 
1.110433 
1.050567 
0.809217 
0.981833 
1.124433 
1.147133 
1.345750 
1.109167 
0.984617 
1.129317 
1.228550 
1.305867 
1.265567 
1.722067 
1.349883 
1.133683 
1.004383 
1.130767 
1.150817 
1.094617 
1.212183 
1.509983 
1.551167 
1.089167 
1.145100 
1.010017 
0.899533 
1.055000 
0.608833 
1.000167 
1.034933 
1.177933 
1.164817 
0.791250 
0.938950 
0.655700 
1.057917 
0.978450 
1.420100 
1.558333 
1.304933 
1.231267 
1.163883 
1.129450 
1.185883 
1.144783 
1.125783 
1.157867 
1.172583 
1.111067 
0.898300 
0.748050 
0.902717 
0.991233 
1.150633 
0.909633 
1.113767 
1.197750 
1.099533 
1.210917 
1.012467 
1.027033 
0.894267 
1.276583 
1.158300 
1.254000 
1.324167 
1.297033 
1.145483 
1.147317 
1.176483 
0.919967 
0.940967 
0.937050 
0.927617 
1.399867 
1.199317 
0.969650 
0.969717 
1.012500 
1.091267 
1.195733 
1.051817 
0.988633 
0.940917 
1.377617 
1.042667 
0.996217 
0.834167 
1.395500 
1.410217 
1.462850 
1.180000 
1.086600 
1.133483 
1.142317 
1.070800 
1.496917 
1.390983 
1.585800 
1.806350 
0.997850 
1.040083 
1.001450 
1.037050 
1.003667 
1.092767 
1.332183 
1.206783 
1.174983 
1.341867 
1.422900 
1.149533 
1.198167 
1.095200 
1.111517 
1.150767 
1.077250 
1.071517 
1.135533 
1.127083 
1.090233 
1.256783 
1.319967 
1.203867 
1.208033 
1.221067 
1.059450 
1.196200 
1.366567 
1.189383 
0.999667 
1.087367 
1.197983 
1.149717 
1.076800 
1.279633 
1.172517 
1.123417 
1.131417 
1.129983 
1.160333 
1.125383 
1.417767 
1.158217 
1.103750 
0.963900 
1.223850 
1.091650 
1.079033 
1.000267 
1.060383 
1.083617 
1.289183 
1.191083 
0.961933 
1.095783 
1.413833 
1.757433 
1.502017 
1.452683 
1.348783 
1.922483 
1.323000 
1.170517 
1.148367 
1.148800 
1.131333 
1.125500 
1.080133 
1.077600 
1.105517 
1.542617 
1.426383 
0.990150 
0.982717 
0.991533 
1.023667 
1.014633 
1.272633 
1.157783 
1.085033 
1.028433 
1.587267 
1.591567 
1.074467 
1.130683 
1.089833 
1.100517 
1.067233 
1.131933 
1.163000 
1.181950 
1.201950 
1.176350 
1.448317 
1.042783 
1.224583 
1.280867 
1.097600 
1.025133 
1.025150 
1.054850 
1.049467 
1.416133 
0.968833 
0.866717 
1.250617 
1.149267 
1.427317 
1.385717 
1.417000 
1.186050 
1.117250 
1.056900 
1.093117 
1.064367 
1.218400 
1.140867 
1.041833 
0.809667 
1.102267 
1.019400 
1.041000 
1.020600 
1.016533 
1.040283 
1.177250 
1.074283 
1.316550 
1.346433 
1.246633 
1.123633 
1.111350 
1.133717 
1.099700 
0.947067 
0.929817 
0.987183 
0.925983 
0.969483 
1.134633 
1.153000 
1.337267 
0.955783 
0.827150 
0.583167 
0.697100 
0.803483 
0.907983 
1.095167 
0.819650 
0.732150 
0.729950 
0.963317 
1.511383 
1.576150 
0.792167 
1.019133 
1.037500 
1.094350 
0.710250 
0.746683 
0.737083 
0.771817 
0.924317 
0.997067 
1.017933 
0.813483 
0.643050 
0.621050 
0.631567 
0.556483 
0.798250 
1.253583 
1.015250 
1.366250 
1.184333 
1.222700 
1.294817 
1.181117 
1.059183 
1.047150 
1.232817 
0.996400 
0.790017 
0.761433 
0.649683 
0.777050 
1.078833 
1.090150 
1.142750 
0.675233 
0.558383 
0.725033 
1.142533 
1.276383 
1.397250 
1.734417 
1.494117 
1.355983 
1.134550 
1.329200 
1.631300 
1.370267 
1.164600 
1.180350 
1.466417 
1.191033 
1.121650 
1.065367 
0.949750 
1.166850 
1.169367 
1.614333 
1.085567 
0.772167 
1.043200 
0.989933 
1.193800 
1.030567 
1.025617 
1.094967 
1.034450 
0.981800 
1.275650 
1.558433 
1.028667 
1.223167 
1.149317 
1.048750 
0.958983 
1.115650 
1.134800 
1.085517 
1.098783 
1.087783 
1.074350 
1.098500 
1.126183 
1.336083 
1.713133 
1.725517 
1.516917 
1.403167 
1.043500 
1.287283 
1.280233 
1.142133 
1.118583 
1.238517 
1.150700 
1.296233 
1.155750 
1.149983 
1.142733 
1.164000 
1.184583 
1.134767 
1.144050 
1.120917 
1.142383 
1.204933 
1.402733 
1.067717 
1.007617 
0.995883 
1.006117 
1.007667 
1.023900 
1.029050 
0.986067 
1.038933 
0.986683 
1.039067 
1.259950 
1.159583 
1.211917 
1.152267 
1.105050 
1.130150 
1.131533 
1.117117 
1.078233 
1.123583 
1.174783 
1.365717 
1.152250 
1.079700 
1.622583 
1.972983 
1.509400 
1.120450 
1.225350 
1.134783 
1.174750 
1.326617 
1.238600 
1.619933 
1.889117 
1.302883 
1.167683 
1.131717 
1.415867 
1.464133 
1.324233 
1.145600 
1.107333 
1.051717 
1.171683 
1.291783 
1.433167 
0.951633 
1.155067 
1.188517 
1.166333 
1.187350 
1.231283 
1.161133 
1.010233 
1.021633 
1.061467 
1.235817 
1.284300 
1.313917 
1.137633 
1.098117 
1.067600 
1.144467 
1.084317 
1.169233 
1.128233 
1.183733 
1.195617 
1.336117 
1.442250 
1.590817 
3.079217 
1.531333 
1.134000 
1.006117 
1.111767 
1.253750 
1.298750 
1.361617 
2.780167 
1.476033 
1.456617 
1.783367 
1.101767 
1.145350 
1.119883 
1.086250 
1.120383 
1.140033 
1.206050 
1.322300 
1.430467 
1.555483 
1.684450 
1.353383 
1.587467 
1.445783 
1.336867 
1.298017 
1.305617 
1.520267 
1.020950 
1.041167 
1.295417 
1.541717 
1.458067 
1.277700 
1.502933 
1.483683 
1.442333 
1.412283 
1.406883 
1.449233 
1.145550 
1.178417 
1.341500 
1.623700 
1.432233 
1.192683 
1.013167 
1.496133 
1.658033 
1.586717 
1.564933 
1.635183 
1.075750 
1.037200 
1.006817 
1.003917 
1.008183 
1.458267 
1.178500 
1.183050 
1.131250 
1.138500 
1.080500 
1.104983 
1.140717 
1.143833 
1.180317 
1.266900 
1.213450 
1.252300 
1.469267 
1.332667 
1.054083 
1.090117 
1.135133 
1.389967 
1.209683 
1.211583 
1.104550 
1.180217 
1.192283 
1.667250 
1.556550 
1.412700 
1.476350 
1.380817 
1.226650 
1.130550 
1.084283 
1.125667 
1.070533 
1.183550 
1.415250 
1.165733 
0.986150 
1.197783 
1.135633 
1.190900 
1.034333 
1.018100 
1.036483 
1.024667 
1.122700 
1.282550 
1.554650 
1.293550 
1.246033 
1.094167 
1.106317 
1.166533 
1.125300 
1.067717 
1.121067 
1.128850 
1.262133 
1.416467 
1.379900 
1.168367 
1.187483 
1.080467 
1.238900 
1.059883 
1.214267 
1.020700 
1.376800 
1.138983 
2.059467 
1.699867 
1.533800 
1.401883 
1.415333 
1.441833 
1.431750 
1.363833 
1.368283 
1.140217 
1.138467 
1.100150 
1.131633 
1.313933 
1.350933 
1.231117 
1.282733 
1.232883 
1.020967 
0.991583 
0.996883 
1.260483 
1.048400 
1.246600 
1.819067 
1.787433 
1.272417 
1.154983 
1.206267 
1.741500 
1.485067 
1.167217 
1.193167 
1.163233 
1.233833 
1.192267 
1.138167 
1.145200 
2.041767 
1.025350 
1.179100 
1.568317 
1.799883 
1.209450 
1.299517 
1.346833 
1.694700 
1.573183 
1.372483 
1.392067 
1.439867 
1.153050 
1.153433 
1.120600 
1.128167 
1.147400 
1.039700 
1.064750 
1.085917 
1.354483 
1.105300 
1.299067 
1.419333 
1.015633 
0.934967 
1.224383 
2.099350 
1.274400 
1.486850 
1.348450 
1.137950 
1.553750 
1.520483 
1.661883 
1.994717 
1.152550 
1.119217 
1.533817 
1.428100 
1.423417 
1.137867 
1.115867 
1.149367 
1.268050 
1.136100 
1.092933 
1.373683 
1.068650 
1.125283 
1.172883 
1.432350 
1.707517 
1.052217 
1.737767 
1.112500 
1.034483 
1.102700 
1.216950 
1.395817 
1.270633 
1.211433 
1.474017 
1.429117 
1.193717 
1.133233 
1.111983 
1.069417 
1.121867 
1.218983 
1.513667 
1.254517 
1.286100 
1.062433 
1.016517 
1.009017 
1.228267 
1.231100 
1.278967 
1.222300 
1.326183 
1.004217 
1.058767 
1.385133 
1.368783 
1.320983 
1.462717 
1.451033 
1.219850 
1.073067 
1.117833 
1.074167 
1.095300 
1.114900 
1.238500 
1.554583 
1.561133 
1.274417 
1.068850 
2.290550 
2.123400 
1.883300 
1.313917 
1.290017 
1.110200 
1.053000 
2.538900 
1.933967 
1.255333 
1.122167 
1.426417 
1.608550 
1.489183 
1.266217 
1.119517 
1.136500 
1.063350 
1.122817 
1.513217 
1.382817 
1.093867 
1.106467 
1.026317 
1.014083 
0.985017 
1.120383 
1.052783 
1.165950 
1.195450 
1.340233 
1.338383 
1.383867 
1.174550 
1.264833 
1.169717 
1.164083 
1.108217 
1.086867 
1.071483 
1.200167 
1.110000 
1.126183 
1.273317 
1.502200 
1.733483 
0.974433 
1.412367 
1.897367 
1.557667 
1.560367 
1.240200 
1.064450 
1.028250 
1.001517 
1.613867 
1.663267 
1.145317 
1.416500 
1.785467 
1.442233 
1.262767 
1.120600 
1.073033 
1.098817 
1.054350 
1.127650 
1.455350 
1.456933 
1.132200 
1.271167 
1.288267 
1.283800 
1.149567 
1.126583 
1.203300 
1.342167 
1.320167 
1.407933 
1.412883 
1.421683 
1.167500 
1.142167 
1.229200 
1.260133 
1.479717 
1.223083 
1.196050 
1.138617 
1.116233 
1.210183 
1.413283 
1.438367 
1.562617 
1.752283 
1.185683 
1.462150 
1.559267 
1.396783 
1.140783 
1.029367 
1.230583 
1.272183 
1.289950 
1.408150 
1.184567 
1.351333 
1.394950 
1.413300 
1.345750 
1.155867 
1.157483 
1.202550 
1.109417 
1.228583 
1.420100 
1.503283 
1.067917 
0.998450 
1.046700 
1.108583 
1.512250 
1.408333 
1.189350 
1.165667 
1.253317 
1.272767 
1.513067 
1.458600 
1.313233 
1.245383 
1.122317 
1.112033 
1.119083 
1.091683 
1.120033 
1.098000 
1.075433 
1.375017 
1.432950 
1.229467 
1.172150 
0.958733 
1.095250 
1.230817 
1.088700 
1.151367 
1.113767 
1.157700 
1.187183 
1.112500 
0.971367 
1.151917 
1.711117 
1.417350 
1.157167 
1.173350 
1.161683 
1.101100 
1.134200 
1.152500 
1.116267 
1.282683 
1.233100 
1.459317 
1.084867 
0.998667 
0.951033 
1.050167 
1.013200 
1.036233 
1.055917 
1.054917 
1.206883 
1.193000 
1.066533 
1.249983 
1.312733 
1.191200 
1.107883 
1.087300 
1.079117 
1.094917 
1.157000 
1.116100 
1.062167 
1.197183 
1.347617 
1.401233 
1.015100 
0.988250 
1.084067 
1.229533 
1.066117 
1.092783 
1.314817 
1.209467 
1.320517 
1.314683 
1.283550 
1.470867 
1.304883 
1.208283 
1.413967 
1.353817 
1.348983 
1.163500 
1.176817 
1.128483 
1.250750 
1.157950 
1.211317 
1.266150 
1.016233 
1.187150 
1.119200 
1.103650 
1.151850 
1.270400 
1.223400 
0.976667 
0.998833 
1.088067 
1.331750 
1.396000 
1.717850 
1.412467 
1.153183 
1.124400 
1.153017 
1.178650 
1.109433 
1.170500 
1.144533 
1.288733 
1.422450 
1.303083 
1.836417 
1.249050 
1.297633 
1.210933 
1.101417 
1.629033 
1.074583 
1.057567 
1.003733 
1.043800 
1.315050 
1.405417 
1.338867 
1.433267 
1.406717 
1.384233 
1.180217 
1.134350 
1.125100 
1.129633 
1.116233 
1.128700 
1.172383 
1.177667 
1.216100 
1.157750 
1.210433 
1.583233 
1.455850 
1.917733 
1.364567 
1.000783 
0.983300 
1.366000 
1.437017 
1.064833 
1.104950 
1.235550 
1.426150 
1.373150 
1.279450 
1.085917 
1.088617 
1.089233 
1.632333 
1.677417 
1.885117 
1.764700 
1.597433 
1.371500 
1.329933 
1.186483 
1.109350 
1.107133 
1.085517 
1.154183 
1.109350 
1.105417 
1.647767 
2.999567 
1.816333 
1.536517 
1.679817 
1.579683 
2.000167 
1.765833 
1.128200 
1.123350 
1.095600 
1.096967 
0.920433 
0.823850 
0.804267 
0.917733 
1.393917 
1.069383 
1.066567 
1.150967 
0.989350 
1.250933 
1.068050 
1.411283 
1.484383 
1.483800 
1.558617 
1.452383 
1.478650 
1.396417 
1.111933 
1.122283 
1.106550 
1.130300 
1.129583 
1.314433 
1.457333 
1.296900 
1.074517 
0.816583 
0.988700 
1.034233 
1.179750 
1.159500 
1.162100 
0.994017 
1.035767 
1.068767 
1.088167 
1.267617 
1.322950 
1.253517 
1.456950 
1.445883 
1.151617 
1.199317 
1.160500 
1.212517 
1.216367 
1.199000 
1.432317 
1.230967 
1.572167 
1.311000 
1.568700 
1.530900 
1.052600 
0.979517 
1.239367 
1.176067 
1.092350 
1.188133 
1.317200 
1.452183 
2.296650 
1.718267 
1.294167 
1.537567 
1.209483 
1.192183 
1.250000 
1.149367 
1.122117 
1.443017 
1.444533 
1.316267 
1.151683 
1.315150 
1.438417 
1.386100 
1.250417 
1.366883 
1.384983 
1.040633 
1.038683 
1.073500 
1.161667 
1.320233 
1.184150 
1.176450 
1.151817 
1.134767 
1.130350 
1.153483 
1.137517 
1.177700 
1.123050 
1.250500 
1.511867 
1.598633 
1.247367 
1.256900 
1.150800 
1.498467 
1.121567 
1.348667 
1.364833 
1.096033 
1.168517 
1.612600 
1.742533 
2.112617 
1.835550 
1.486683 
1.368533 
1.218117 
1.110400 
1.159067 
1.171100 
1.340350 
1.212467 
1.273733 
1.675733 
1.495950 
1.078617 
1.334267 
1.368633 
1.310650 
1.082450 
1.218500 
1.142517 
1.026750 
1.276267 
1.155667 
1.256283 
1.431167 
1.431950 
1.501167 
1.311017 
1.370150 
1.187067 
1.127467 
1.176100 
1.207283 
1.213133 
1.228717 
1.747833 
1.335150 
1.180317 
1.009300 
1.158450 
1.126800 
0.976950 
1.055533 
1.080150 
1.032533 
0.995083 
1.126933 
1.535483 
1.600683 
1.560700 
1.297400 
1.239733 
1.190550 
1.192250 
1.214167 
1.185883 
1.169500 
1.051150 
1.151617 
1.129733 
1.208567 
1.212567 
1.498783 
1.884100 
1.314467 
1.085317 
1.300300 
1.218400 
1.730167 
1.028617 
1.031050 
1.172083 
1.093800 
1.121700 
1.387900 
1.369550 
1.313067 
1.294767 
1.218417 
1.122883 
1.148683 
1.150683 
1.120067 
1.255317 
1.201767 
1.160233 
1.135517 
1.338967 
1.545117 
1.377400 
1.467167 
1.417183 
1.423950 
1.390350 
1.081483 
1.110200 
1.266200 
1.250250 
1.265900 
1.239017 
1.184850 
1.180033 
1.306083 
1.250650 
1.255583 
1.212083 
1.258200 
1.287317 
1.491133 
1.300917 
1.038217 
1.067033 
1.113317 
1.063033 
1.187000 
1.291883 
1.224167 
1.153217 
1.185383 
1.455433 
1.491767 
1.247033 
1.265600 
1.262700 
1.293033 
1.238717 
1.257983 
1.263767 
1.246100 
1.069883 
0.986417 
1.385200 
1.625367 
1.041650 
0.945683 
1.170617 
1.166633 
1.068567 
1.680317 
1.173267 
1.043817 
1.028217 
1.181417 
1.302133 
1.452950 
1.230567 
1.075267 
1.121850 
1.125400 
1.137267 
1.107017 
1.119450 
1.310817 
1.190900 
1.255217 
1.403533 
1.389200 
1.809233 
1.100133 
1.171817 
1.107367 
1.110100 
1.341367 
1.216100 
1.176083 
1.287717 
1.128433 
1.364417 
1.318117 
1.156467 
1.355450 
1.428783 
1.353500 
1.468483 
1.285050 
1.133367 
1.080567 
1.116200 
1.074833 
1.211883 
1.366100 
1.014833 
0.960850 
1.245217 
1.423817 
1.233783 
1.156650 
1.206383 
1.041933 
1.337250 
1.169767 
1.262300 
1.446167 
1.128850 
1.366933 
1.185250 
1.106950 
1.086533 
1.166883 
1.138917 
1.063150 
0.881533 
0.917033 
1.088700 
0.947033 
1.291867 
1.023400 
0.748850 
1.086867 
1.183667 
1.379983 
1.191217 
1.155617 
0.984567 
1.068883 
1.500400 
1.496483 
3.390000 
1.489467 
1.209033 
1.229033 
1.192617 
1.179700 
1.134167 
1.117150 
1.195917 
1.106133 
1.136033 
1.233717 
1.273050 
1.040750 
0.841033 
0.671217 
0.813783 
1.122600 
1.055783 
1.120067 
1.184050 
1.044700 
1.006067 
1.071450 
1.207067 
1.155850 
1.202067 
1.182200 
1.127433 
1.183450 
1.444600 
1.277367 
1.197867 
1.169850 
0.988783 
1.031983 
1.114500 
1.105067 
1.082183 
1.314000 
0.783533 
0.770067 
1.006417 
1.009200 
1.046683 
1.146050 
1.447317 
1.526750 
1.203850 
1.407617 
1.441950 
1.420450 
1.351450 
1.212300 
1.078083 
1.125333 
1.114800 
1.155117 
1.268117 
1.322117 
1.731150 
1.084150 
1.047333 
1.124950 
1.111433 
1.107850 
1.028100 
1.037567 
1.080350 
1.183867 
1.036417 
1.223917 
1.113783 
1.146067 
1.219450 
1.549783 
1.215283 
1.092900 
1.065667 
1.084450 
1.130933 
1.473400 
1.283617 
1.304950 
1.034650 
1.027033 
1.044333 
1.318500 
1.219817 
1.447217 
1.162283 
1.040683 
1.024300 
1.026667 
1.525500 
1.597217 
1.438833 
1.407567 
1.374633 
1.407700 
1.336750 
1.134967 
1.133750 
1.085533 
1.125467 
1.123900 
1.359917 
1.362833 
1.045317 
1.240717 
1.249133 
1.100383 
1.044350 
1.158633 
1.334967 
1.192817 
1.079050 
1.021700 
1.338100 
1.850517 
1.287367 
1.268517 
1.469183 
1.372617 
1.275550 
1.162683 
1.162650 
1.061050 
1.110400 
1.253183 
1.370933 
1.477617 
1.055017 
1.037133 
1.171350 
2.258267 
1.475000 
1.505583 
1.068400 
1.081767 
1.266633 
1.351183 
1.261483 
1.375883 
1.086283 
1.087433 
1.116017 
1.140150 
1.137917 
1.156167 
1.129483 
1.145433 
1.210350 
1.165383 
1.413717 
1.762800 
1.270583 
1.046400 
1.015767 
1.198000 
1.276617 
1.949950 
1.515200 
2.523133 
3.645350 
2.205983 
2.048917 
2.021517 
2.112967 
2.679750 
1.302917 
0.983683 
0.984150 
1.020867 
1.025883 
1.004633 
1.000617 
0.965350 
1.008883 
1.000050 
0.990817 
0.980950 
0.934450 
0.995200 
1.007233 
1.017550 
0.993933 
0.938250 
0.981200 
1.004350 
1.046600 
0.997533 
0.999817 
1.001300 
1.021083 
1.042500 
0.996617 
0.938850 
1.014317 
0.970267 
0.992717 
0.971067 
0.996233 
0.984517 
0.985417 
0.970217 
0.984800 
1.046650 
1.046300 
1.021767 
0.992383 
1.010900 
1.000900 
0.973350 
0.979767 
0.973317 
0.976783 
1.009733 
1.030183 
1.001183 
1.018567 
0.999967 
1.007767 
1.032767 
1.033067 
0.959517 
0.953967 
0.939733 
0.972017 
1.012000 
0.971767 
1.029700 
0.980633 
1.000167 
0.981000 
0.974283 
1.023067 
0.973817 
0.970833 
1.002633 
0.971217 
0.988250 
1.019833 
1.011933 
0.974433 
1.093717 
1.030133 
1.024183 
0.976900 
0.977183 
1.001483 
0.970417 
1.006500 
1.010483 
1.016017 
0.990050 
1.036450 
1.037817 
1.021083 
1.015717 
1.010450 
0.998167 
1.004600 
0.968617 
1.037900 
1.019017 
0.957283 
1.012100 
1.060217 
1.022067 
1.028933 
1.030683 
1.018433 
0.999150 
0.981233 
0.995117 
1.008217 
0.981117 
1.032383 
0.990333 
0.989433 
1.020967 
0.992067 
0.982250 
1.018150 
0.993050 
1.008117 
0.978450 
0.961500 
0.957617 
1.014167 
1.033250 
1.036150 
0.978300 
1.015100 
0.965183 
0.959883 
1.005700 
0.951233 
0.983100 
0.991867 
0.980383 
0.978217 
1.021767 
0.992017 
0.989717 
1.042417 
1.004117 
0.971483 
0.998100 
1.087133 
0.981083 
1.004533 
1.026600 
1.005967 
0.989917 
1.009967 
0.951733 
1.009450 
1.012083 
0.977733 
1.018683 
1.005400 
0.951800 
0.995317 
1.003883 
0.975900 
1.035717 
1.014817 
1.011650 
1.033800 
0.988833 
0.989733 
0.996300 
1.020950 
0.963517 
0.978217 
0.971817 
1.007233 
0.999367 
0.997000 
1.014167 
1.021300 
0.979983 
0.950483 
0.944500 
0.985933 
1.045583 
0.961950 
1.013600 
1.023983 
0.969200 
1.032333 
1.031083 
0.986583 
1.000333 
1.021900 
1.016667 
0.991017 
0.964750 
0.955517 
1.013450 
1.032400 
0.977133 
1.014183 
0.968667 
1.024633 
0.957300 
1.002867 
1.014950 
1.012100 
0.964850 
0.932133 
0.984050 
0.990600 
1.004633 
1.025883 
0.995800 
1.020467 
1.045833 
0.984183 
0.956067 
1.017967 
0.970200 
0.989917 
0.993667 
0.996100 
1.003600 
1.166183 
1.023283 
1.032350 
0.992867 
1.018383 
0.965800 
0.951900 
0.948850 
0.936417 
1.145250 
1.215300 
1.164150 
1.197583 
1.070133 
1.062850 
0.953800 
0.691867 
1.404400 
0.679483 
0.692950 
1.244417 
0.727317 
0.665117 
1.272000 
0.580667 
0.616667 
1.068783 
0.602150 
0.641550 
0.925733 
0.633350 
0.678000 
0.897650 
0.679450 
0.772483 
0.842567 
0.738283 
0.705900 
0.580833 
0.607633 
0.623033 
1.178883 
1.104733 
1.471933 
1.273500 
0.990667 
0.875967 
0.662400 
0.675450 
0.727383 
0.657483 
0.616150 
0.630150 
0.700933 
1.056400 
0.679500 
0.670767 
0.828417 
1.006417 
0.688833 
0.738000 
0.633800 
0.734367 
0.647483 
0.788017 
0.595000 
0.793400 
1.015783 
1.378917 
0.761717 
0.664083 
0.680783 
0.644067 
0.587733 
0.635983 
0.650450 
0.623333 
0.688667 
1.101867 
0.713717 
0.577667 
0.696567 
0.634733 
0.549767 
0.630033 
0.631650 
0.546800 
0.907150 
0.700033 
0.743733 
0.710633 
0.803617 
0.846983 
0.667233 
0.642083 
0.763067 
0.818533 
0.948367 
0.674867 
0.665167 
0.669567 
0.638317 
1.079433 
0.846533 
0.574150 
0.575633 
0.731867 
0.676117 
0.943667 
0.915200 
0.640783 
1.133167 
1.312050 
0.923983 
3.871950 
1.798267 
1.328983 
0.881167 
0.931217 
1.042767 
0.909933 
0.636117 
0.617883 
0.638767 
0.752500 
1.038683 
0.979867 
0.964733 
0.778833 
0.588317 
0.590933 
0.618583 
0.571167 
0.734733 
0.716117 
0.653567 
0.592183 
0.886400 
0.912317 
1.227250 
1.397417 
0.714867 
0.769300 
0.623267 
0.672133 
0.654233 
0.644667 
0.597783 
0.972267 
0.783850 
0.889733 
0.571983 
0.547833 
0.552650 
0.677667 
0.917133 
0.743583 
0.657350 
0.981267 
0.946900 
0.961550 
0.868000 
1.109783 
1.175083 
1.054983 
1.000733 
1.109317 
0.794783 
0.576367 
0.600250 
0.780617 
0.672333 
0.616000 
0.745883 
0.888650 
0.616967 
0.659967 
0.659533 
1.019833 
1.196017 
1.291033 
1.138217 
1.079950 
1.132283 
1.085300 
1.313333 
1.276850 
1.218967 
1.297983 
1.240300 
1.313400 
1.111500 
1.119850 
1.104250 
1.101633 
1.144217 
1.137500 
1.190017 
1.744383 
1.295583 
1.192433 
1.179517 
1.188367 
1.122000 
1.198983 
1.163700 
1.076767 
1.021733 
1.072917 
1.116500 
1.268883 
1.415883 
1.156600 
1.188600 
1.180167 
1.188217 
1.192133 
1.200833 
1.142133 
1.124300 
1.260517 
1.476650 
1.371867 
1.098183 
1.060667 
1.067517 
1.324433 
1.568000 
1.268567 
1.247633 
1.297133 
1.304083 
1.292700 
1.302667 
1.631050 
1.415900 
3.008533 
2.476517 
1.518183 
1.640700 
1.510217 
1.579183 
1.280883 
1.180233 
1.158783 
1.215300 
1.609967 
1.350700 
1.303133 
1.439133 
1.216433 
1.127567 
1.098900 
1.101550 
1.088083 
1.174933 
1.274467 
1.432583 
1.427517 
1.404850 
1.132950 
1.155600 
1.174733 
1.162133 
1.153383 
1.193667 
1.180867 
1.136933 
1.140567 
1.111667 
1.196633 
1.461483 
1.387200 
1.431033 
1.300467 
1.363033 
1.189667 
1.108267 
1.362883 
1.398317 
1.590200 
1.499683 
1.520517 
1.239167 
1.673300 
1.428050 
1.182250 
1.246967 
1.184200 
1.231800 
1.214117 
1.177367 
1.078183 
1.168700 
1.098683 
1.280817 
1.562383 
1.423167 
1.767083 
1.562100 
1.798883 
1.101700 
1.298983 
0.789050 
0.974083 
0.855167 
1.475583 
1.446183 
1.241550 
1.177600 
0.774167 
0.795733 
0.867433 
0.703867 
0.862217 
1.011183 
0.707433 
0.902283 
1.040917 
0.680267 
0.758300 
0.705383 
0.434317 
0.723417 
0.681017 
0.912900 
0.952700 
0.852367 
1.209067 
1.536900 
1.045400 
0.999050 
0.926367 
1.031400 
1.008333 
1.010300 
0.809850 
0.776833 
0.787567 
0.797283 
0.777800 
1.214467 
0.895733 
0.646317 
0.667950 
0.742100 
0.734550 
0.755800 
0.903933 
1.069817 
1.255167 
2.051717 
1.770650 
2.434267 
2.002867 
1.473733 
1.036783 
0.790833 
1.210950 
1.258683 
0.776967 
0.784067 
0.790633 
0.707883 
0.728433 
0.847533 
1.020150 
0.712350 
0.679267 
0.691367 
1.244500 
0.960783 
0.794450 
0.864467 
0.876833 
0.696900 
0.912933 
1.666467 
1.087767 
1.102567 
0.780933 
0.721117 
0.729317 
0.729900 
0.742750 
0.795300 
0.869233 
0.750900 
0.769317 
0.880633 
1.104233 
0.771767 
0.636450 
0.796783 
0.774117 
0.715233 
1.047233 
0.946983 
0.873367 
1.135500 
0.739783 
0.758483 
0.880883 
0.778283 
0.857817 
1.119350 
0.933283 
0.761067 
0.724967 
0.716250 
0.712683 
0.742450 
0.736950 
1.001467 
0.965433 
0.655750 
0.647817 
0.679733 
0.729550 
0.623133 
0.891150 
0.810767 
0.680400 
0.969300 
0.924300 
0.922950 
0.746417 
0.843667 
1.525000 
1.146900 
0.932117 
0.739233 
0.723750 
0.773583 
0.810933 
0.814650 
0.866200 
1.026550 
1.077183 
0.711267 
0.598450 
0.699733 
0.623917 
0.713517 
0.691050 
0.700317 
0.624467 
0.717517 
0.660867 
2.554733 
1.958617 
1.649467 
0.995250 
0.986183 
1.049833 
1.045667 
0.968767 
0.754317 
0.759467 
0.753433 
0.737517 
0.758400 
1.024117 
1.181217 
0.853633 
0.726517 
0.829700 
0.973083 
0.900200 
0.913867 
0.992550 
0.771650 
0.716183 
0.683617 
0.649867 
0.839183 
1.119267 
1.279400 
0.807467 
0.808467 
0.763500 
0.801417 
0.859483 
0.749167 
0.746500 
0.775200 
1.034633 
0.851867 
0.657767 
0.696333 
0.703017 
0.703117 
0.691000 
0.740333 
0.730383 
0.676883 
0.800900 
1.100567 
0.940817 
0.898183 
0.895467 
1.104133 
1.230867 
0.941183 
0.793083 
0.825217 
0.827450 
0.814950 
0.807550 
0.891800 
1.161350 
0.974150 
0.882517 
1.052917 
0.893500 
0.766683 
0.975133 
0.762983 
0.672600 
0.890250 
1.088283 
1.131450 
0.956083 
1.000700 
0.862050 
0.964767 
1.192300 
0.945933 
0.988733 
1.087517 
1.116300 
1.142583 
1.063450 
0.867667 
1.182833 
1.051000 
0.812383 
0.716450 
0.776067 
0.749500 
0.899867 
0.816417 
0.973200 
0.672317 
1.233483 
0.845783 
1.361950 
1.166500 
1.238100 
1.351533 
1.192933 
1.374633 
1.288550 
1.190367 
0.824917 
1.206700 
0.963117 
1.250483 
1.461633 
1.098017 
0.672850 
0.881617 
1.116100 
0.631683 
0.747933 
1.332217 
0.669483 
0.625983 
1.159667 
0.878450 
0.858300 
1.187350 
1.293333 
1.069433 
0.820300 
0.872367 
0.824100 
0.842150 
0.797167 
0.738217 
0.751600 
0.745667 
0.718383 
0.847717 
0.808233 
0.871933 
0.851383 
0.929417 
0.748167 
0.958667 
0.709150 
0.790917 
0.794100 
0.745000 
0.841117 
1.131533 
0.847583 
0.796950 
0.759100 
0.759000 
0.704750 
0.753033 
0.739700 
0.706350 
0.701300 
0.803367 
1.019083 
1.003000 
1.063333 
1.021583 
0.891717 
0.974617 
0.810833 
0.655550 
0.678000 
0.648883 
0.829333 
0.803350 
1.366867 
1.219583 
1.324483 
1.474933 
0.781617 
0.811267 
0.871000 
0.760167 
0.776933 
0.754533 
0.732583 
0.711200 
0.689167 
0.660433 
0.728000 
0.665550 
0.674150 
0.755083 
0.839617 
0.849583 
0.843517 
0.856367 
0.720217 
0.604417 
0.699933 
0.700200 
0.985950 
0.907900 
0.993667 
0.994333 
0.762800 
0.717933 
0.717767 
0.701450 
0.730333 
0.747350 
0.828500 
0.699067 
0.698800 
0.762800 
0.701400 
0.681967 
0.718733 
0.695017 
0.742183 
0.729450 
1.014233 
1.968333 
1.360133 
1.148150 
1.089633 
1.119767 
0.952183 
1.102267 
0.924100 
0.791833 
0.786350 
0.774683 
0.750467 
0.933567 
1.116500 
1.072817 
0.602083 
1.035567 
1.239333 
0.810533 
1.156900 
1.078233 
1.532817 
2.189700 
2.041700 
2.582883 
2.428350 
1.313267 
0.833367 
1.081883 
1.018350 
1.072833 
1.055117 
0.743967 
1.100333 
1.086700 
0.750667 
1.269633 
1.176717 
0.729550 
0.888750 
0.788200 
1.161333 
1.047583 
1.483550 
1.349250 
1.625267 
1.345467 
1.763150 
1.746517 
2.231633 
1.328450 
1.460467 
1.244133 
0.914850 
0.999517 
0.972083 
1.010017 
1.066783 
1.015533 
0.745150 
1.423767 
1.790783 
1.089667 
1.120217 
1.236850 
2.193750 
1.248700 
1.463417 
1.611583 
1.261333 
1.781700 
1.783783 
2.200383 
1.756717 
1.457550 
1.527550 
1.327567 
1.368617 
1.374133 
1.245500 
1.194467 
1.114117 
1.215083 
1.461200 
1.233667 
1.632533 
1.379000 
1.019950 
0.909467 
1.120067 
0.723567 
0.862017 
1.100433 
0.803867 
0.994217 
1.078033 
0.937383 
0.927850 
0.823033 
1.199450 
1.211450 
1.062683 
0.923300 
0.787333 
0.796400 
0.759883 
0.891867 
0.840167 
0.952933 
0.905400 
0.732183 
0.661250 
0.700933 
0.916400 
0.810167 
0.888033 
0.998317 
0.759600 
0.660617 
0.726717 
1.017600 
1.112600 
0.961017 
0.875317 
0.727483 
0.712083 
0.778800 
0.794383 
0.802550 
0.780150 
0.744967 
0.704667 
0.680400 
0.637783 
0.986767 
0.886267 
0.739950 
1.055217 
0.772667 
0.656200 
0.705583 
0.683483 
0.690083 
0.641267 
0.648117 
0.600350 
0.694850 
1.018600 
0.786500 
0.788500 
0.719017 
0.746833 
0.739617 
0.814700 
0.739983 
0.719767 
0.699517 
0.832883 
0.717183 
0.682317 
0.688017 
0.713850 
1.010350 
0.904383 
1.018683 
0.766167 
0.666150 
1.058433 
1.723350 
1.170283 
0.968683 
0.777567 
0.932633 
1.033433 
1.089483 
0.931483 
0.846817 
0.775217 
0.819433 
0.956333 
1.133717 
1.009767 
0.726083 
0.756083 
0.854517 
0.753233 
0.727400 
0.788867 
0.707233 
0.763633 
1.207783 
1.559650 
2.779550 
1.890333 
1.202783 
0.706717 
0.841983 
0.734167 
0.876267 
0.902150 
0.792800 
0.743133 
0.783233 
0.711133 
1.118217 
1.002767 
0.717983 
0.767300 
0.804283 
0.813983 
0.747067 
1.008350 
2.186783 
0.838000 
0.912033 
0.604067 
0.662850 
0.804083 
0.987433 
0.792483 
0.870750 
0.728867 
0.710167 
0.720483 
0.761917 
0.818550 
0.717533 
0.819583 
1.008517 
1.129267 
0.884250 
0.874200 
0.924433 
0.884067 
0.809133 
0.721867 
0.711333 
0.665467 
0.794517 
0.696783 
0.791583 
1.021100 
1.610967 
0.987833 
1.362700 
1.033150 
0.788200 
0.751317 
0.754550 
0.766583 
0.763017 
0.769217 
1.023867 
1.015650 
0.779950 
0.816650 
0.944717 
0.945233 
0.859717 
0.679950 
0.787267 
0.675050 
1.035433 
0.888483 
0.795950 
0.869183 
0.897883 
0.904817 
1.046033 
1.131883 
1.090517 
0.792000 
0.770750 
0.807883 
0.779400 
0.821483 
0.938350 
1.216167 
0.952200 
0.721050 
0.700150 
0.711550 
0.644017 
0.939983 
0.898733 
0.823350 
0.664250 
0.660950 
0.731800 
2.553050 
0.970183 
1.260683 
0.839567 
0.847450 
0.764633 
0.718400 
0.743083 
0.721633 
0.712300 
0.721733 
0.969583 
0.921283 
1.040200 
0.738950 
0.650467 
0.638283 
0.675933 
0.989367 
0.955717 
0.907650 
1.073150 
0.804783 
0.988183 
1.071850 
0.910167 
0.893867 
1.274367 
1.282667 
0.831067 
0.743150 
0.806333 
0.835550 
0.747383 
0.779833 
0.966700 
1.119300 
0.722067 
0.737783 
0.635450 
0.719783 
1.203683 
1.540133 
1.045683 
1.435333 
1.826867 
2.224733 
2.288683 
1.651300 
1.099900 
1.205917 
1.338533 
1.018217 
1.188983 
0.979800 
0.898600 
0.889167 
0.754517 
0.890267 
1.010650 
1.158633 
1.064800 
0.726933 
0.740283 
1.199833 
1.846650 
2.313883 
1.690817 
1.967217 
1.677617 
1.896100 
1.875767 
1.773350 
1.419383 
1.099783 
1.089533 
1.020000 
0.824167 
0.792433 
0.857817 
0.832867 
0.756983 
0.877867 
1.145200 
1.049750 
0.671000 
0.686950 
0.899717 
0.827950 
0.793367 
1.127550 
1.218700 
1.313417 
1.488933 
2.025483 
2.992700 
2.252567 
1.067083 
0.963567 
1.128767 
1.279333 
1.610517 
1.072550 
1.003300 
0.975083 
0.675683 
0.856350 
1.560017 
1.108517 
0.926300 
0.861583 
0.833233 
1.119083 
1.501867 
1.478017 
1.637217 
2.031833 
2.413050 
3.051800 
2.853717 
2.080433 
1.409567 
1.336400 
1.618050 
1.605350 
1.150567 
1.445533 
1.293017 
0.745600 
1.091717 
0.891883 
1.092300 
1.302283 
0.728850 
0.659450 
0.670450 
0.732867 
0.690517 
0.803083 
0.626000 
0.751250 
0.821717 
0.860117 
0.748617 
0.791917 
0.820950 
0.770033 
1.082217 
1.042583 
0.724233 
0.739217 
0.710717 
0.718917 
0.729800 
0.721283 
0.684183 
0.732933 
1.082283 
1.880417 
1.469217 
0.924600 
1.046667 
0.867750 
0.937433 
0.775733 
0.715850 
0.939283 
0.971617 
1.261350 
1.455517 
1.713917 
0.992517 
1.020783 
0.819167 
0.731583 
0.719733 
0.745067 
0.730150 
0.847850 
0.680833 
0.694467 
0.872317 
0.991667 
1.016167 
0.669050 
1.492217 
1.005400 
0.885983 
0.800767 
0.695667 
0.781033 
2.425417 
1.835367 
1.149367 
0.954300 
0.814600 
0.823683 
0.795017 
0.820950 
0.814667 
0.707317 
0.710533 
0.734800 
0.699617 
0.870933 
0.666933 
0.692950 
0.718100 
0.693583 
0.740400 
0.727983 
0.831700 
0.688417 
0.628133 
0.757467 
1.098300 
1.040583 
0.664033 
0.892617 
0.780983 
0.726750 
0.761217 
0.713800 
0.735617 
0.715467 
0.800950 
0.756983 
0.797200 
1.007383 
0.668817 
0.714550 
0.825567 
0.677900 
0.963633 
0.900300 
0.800317 
0.650367 
0.784917 
0.673133 
1.249650 
1.382633 
0.941933 
0.824750 
0.836133 
0.892250 
0.809383 
0.784750 
0.835750 
0.932550 
0.801400 
0.755467 
0.879983 
0.981683 
0.666733 
0.657483 
0.794467 
0.825750 
0.920600 
0.948017 
0.893783 
0.770083 
1.483033 
1.604233 
2.597600 
2.367067 
1.270333 
0.783433 
0.892983 
1.011550 
0.796600 
0.745367 
0.799167 
0.820400 
0.758400 
0.744233 
1.668450 
1.064967 
0.815100 
0.775533 
0.840567 
1.015100 
0.695000 
1.621533 
1.237783 
1.337100 
2.937450 
2.728500 
3.107733 
2.311317 
1.281883 
1.300267 
1.147950 
1.015183 
0.683800 
0.820550 
0.895900 
0.716883 
0.778533 
0.847683 
1.184300 
1.412300 
0.898033 
0.939233 
1.196933 
1.108717 
1.143950 
1.361917 
1.286250 
1.096900 
1.271933 
1.254583 
1.971167 
1.226433 
1.589300 
1.701583 
1.760867 
1.410283 
1.207900 
1.017650 
0.842183 
0.716633 
0.743583 
0.726500 
1.085533 
1.578000 
1.103150 
0.782800 
0.972417 
0.923600 
0.895617 
0.752767 
1.383933 
1.878967 
1.708783 
1.461817 
2.668517 
1.993617 
3.257883 
3.115767 
1.536333 
1.306533 
1.190167 
0.766850 
0.759917 
0.822300 
0.777183 
0.811050 
0.959450 
0.891333 
1.157950 
1.723117 
1.249817 
1.394817 
1.845433 
1.320300 
1.439417 
1.234283 
1.458567 
1.872717 
2.374800 
1.567850 
0.982817 
1.207917 
1.116283 
0.646067 
0.820367 
0.788300 
0.728750 
0.837400 
0.812283 
0.844250 
1.029233 
0.882233 
0.897917 
0.905517 
0.748233 
1.041583 
1.501450 
1.065550 
0.804600 
1.272733 
1.184017 
1.744683 
2.113533 
1.243517 
1.469550 
1.169817 
1.095600 
0.850850 
0.734900 
0.748933 
0.784483 
0.703300 
0.702750 
0.762117 
0.968650 
0.896383 
0.712900 
0.662383 
0.706133 
0.697533 
0.740033 
0.821733 
1.002683 
2.278800 
3.869000 
5.175183 
4.732200 
2.612467 
1.133400 
1.120983 
0.980833 
1.049317 
1.129033 
1.100200 
0.796767 
0.813367 
1.060267 
0.861883 
1.561917 
1.496767 
0.793350 
0.875283 
1.044967 
1.766017 
1.216983 
2.205483 
1.931283 
2.173367 
2.051250 
2.480150 
3.207950 
2.651533 
2.787583 
2.491483 
1.587883 
1.503617 
1.442483 
1.265133 
1.052333 
1.043450 
0.844300 
0.921400 
1.113950 
1.483733 
1.131467 
0.955233 
1.300700 
1.177833 
1.033317 
1.745683 
2.168283 
1.936017 
2.402850 
2.202650 
2.682567 
3.307050 
3.319867 
3.030483 
2.292567 
2.056367 
2.917383 
2.683200 
2.175700 
1.538750 
1.502683 
1.538217 
1.336033 
1.967067 
2.173700 
2.559333 
2.800950 
1.982783 
1.969583 
2.032317 
1.721800 
2.088217 
3.327633 
3.617233 
4.321733 
3.484400 
1.547550 
1.772883 
2.505433 
2.146717 
2.034417 
1.798300 
1.435550 
1.518217 
1.870333 
1.428233 
1.621533 
1.666050 
2.076850 
2.821367 
2.331083 
2.313600 
2.491767 
2.220450 
1.831367 
0.685733 
2.082100 
2.036450 
2.559450 
2.016517 
1.305883 
1.295567 
1.170867 
0.940183 
0.972183 
1.182617 
0.859050 
0.885983 
0.644967 
0.952050 
0.751233 
0.884250 
0.767067 
0.901967 
0.814950 
0.813383 
1.407133 
1.444417 
2.034833 
2.173867 
2.328233 
2.542533 
2.080550 
1.507150 
1.319567 
1.234450 
0.900650 
0.855117 
1.084300 
0.811167 
0.796533 
0.913367 
0.905733 
0.885000 
0.863967 
0.781917 
0.618900 
1.053883 
0.906067 
0.954517 
1.191350 
1.335600 
3.767817 
3.643567 
2.915650 
2.688817 
4.097550 
2.454833 
2.009533 
1.478333 
1.200600 
1.204567 
1.439183 
1.417567 
1.247500 
1.274783 
1.645950 
1.422900 
1.592117 
1.517883 
1.280783 
1.370833 
1.508283 
2.006217 
2.484600 
2.816867 
2.913050 
2.784450 
3.205217 
3.330717 
3.392083 
3.215767 
1.429867 
1.630683 
1.632950 
1.274117 
2.022200 
1.443050 
1.504750 
1.249167 
1.026050 
1.363350 
2.069200 
2.680767 
1.807733 
1.772467 
1.408167 
2.216383 
2.427217 
2.153650 
2.963817 
2.377800 
2.180050 
1.599817 
2.543850 
2.956733 
2.073650 
1.900267 
1.467517 
1.326700 
1.050350 
1.137650 
1.109033 
1.082567 
0.984433 
0.900067 
1.289317 
1.767067 
0.892333 
0.925450 
0.715417 
1.696867 
1.391617 
3.863450 
2.902250 
2.226950 
3.466700 
4.847533 
4.203650 
3.752733 
0.519717 
1.019933 
1.620267 
1.093433 
1.411717 
1.386983 
1.424033 
1.109983 
1.452217 
1.488983 
1.896117 
0.888550 
0.766167 
0.843550 
0.959733 
1.213050 
0.952767 
0.954417 
0.754350 
2.304983 
3.414700 
3.812917 
3.596450 
3.049900 
2.301500 
1.860833 
1.867017 
1.360600 
1.227000 
1.390500 
1.345183 
1.498183 
0.995800 
1.269383 
1.433317 
0.974883 
0.716883 
0.710300 
0.682433 
0.683650 
0.679717 
0.680667 
0.685767 
0.750383 
2.971950 
2.213250 
1.672083 
1.572333 
1.428133 
1.080317 
1.026983 
1.094633 
1.372783 
1.092550 
1.094033 
0.757650 
1.062133 
0.916533 
0.964400 
1.414083 
2.690033 
3.967100 
4.168150 
2.894767 
2.337417 
2.054667 
1.276950 
1.686267 
1.748433 
0.795950 
0.864483 
0.708333 
1.176167 
1.082700 
1.563150 
1.038867 
0.819367 
0.968183 
1.050017 
1.051917 
1.008400 
1.074517 
1.106717 
0.810683 
0.973167 
0.785017 
0.796067 
1.168433 
1.012950 
0.946083 
0.711800 
0.918583 
3.438133 
3.129783 
2.949517 
2.234683 
2.112367 
1.590083 
1.512450 
1.151417 
1.264633 
1.017900 
0.960050 
1.006800 
1.016550 
0.958500 
0.827483 
0.834383 
0.741117 
0.782417 
0.837733 
0.761650 
1.015483 
0.834917 
1.264583 
0.947050 
0.693583 
0.730950 
3.396950 
3.661950 
3.020217 
3.118200 
2.838017 
2.336700 
1.697067 
1.330517 
1.389050 
1.089133 
1.273367 
1.118217 
1.002450 
0.976867 
0.657417 
0.870417 
0.833950 
1.149950 
0.962567 
0.899767 
0.780567 
2.696950 
3.942850 
3.919933 
3.707933 
3.328050 
2.794783 
1.937500 
1.567750 
1.499067 
1.348333 
1.375750 
1.030483 
1.346733 
1.037550 
1.089517 
1.379517 
1.055967 
0.890117 
1.053183 
1.146517 
0.856033 
0.762750 
1.097883 
0.668550 
1.358050 
4.048683 
3.920300 
3.261883 
3.303167 
2.661983 
1.601883 
1.063750 
1.924383 
1.887917 
1.484850 
1.421167 
1.338800 
1.061433 
1.336083 
1.089900 
0.884133 
0.692383 
0.724850 
0.780267 
1.103200 
1.047917 
1.467633 
1.134983 
1.993617 
4.319567 
5.748033 
4.439683 
4.316150 
3.301867 
2.684000 
2.562583 
2.037550 
1.408250 
1.570917 
1.300650 
1.445783 
1.350667 
1.080483 
0.846383 
1.133417 
0.833950 
0.731250 
0.811833 
0.819667 
0.735350 
0.674117 
0.670433 
2.404017 
4.079783 
4.058517 
3.328517 
2.804533 
2.563700 
1.997067 
1.874700 
1.884200 
1.912617 
1.742783 
1.228100 
1.279817 
1.501783 
1.366650 
0.767567 
0.882333 
0.935917 
0.823533 
0.884850 
0.717550 
0.687600 
0.915517 
1.224150 
2.456467 
4.073550 
4.392700 
4.098000 
3.273300 
2.633133 
2.590850 
3.534067 
2.297067 
1.850000 
1.675617 
1.825933 
1.420033 
1.416650 
1.079383 
0.840283 
0.813750 
0.850150 
1.032717 
0.868417 
0.777550 
0.734317 
0.684067 
0.686417 
2.075083 
3.055067 
3.555550 
3.664533 
3.082683 
1.793867 
1.451700 
1.319617 
1.413467 
1.421533 
0.913567 
1.365917 
1.131700 
0.741000 
0.983633 
0.994950 
0.895433 
0.710233 
0.726900 
0.637450 
0.647100 
0.720317 
0.624950 
0.672800 
0.686250 
0.662167 
2.381217 
3.960083 
3.874217 
3.207550 
2.889933 
2.905000 
2.279650 
2.015550 
1.781233 
1.351933 
1.275517 
1.060900 
0.924200 
0.740267 
0.799383 
0.904800 
0.747183 
0.744800 
0.756050 
0.765433 
0.758800 
0.759950 
2.203800 
3.566333 
4.119450 
4.100033 
3.968467 
1.946833 
1.777450 
1.478433 
1.706700 
1.420833 
1.015067 
1.012100 
0.959717 
1.013467 
0.978917 
1.064733 
1.049167 
0.858167 
0.830200 
0.788567 
0.792100 
0.786033 
0.828167 
0.792983 
3.310683 
3.774833 
4.145167 
4.137717 
4.043183 
2.033617 
2.277750 
1.832067 
1.835633 
1.612917 
1.440967 
1.035783 
1.350267 
0.940583 
1.025833 
0.729850 
0.886067 
0.955417 
0.655200 
0.671217 
0.749433 
0.675567 
0.704283 
0.756067 
3.261317 
3.749767 
3.720850 
3.842333 
3.121650 
2.254183 
1.972200 
1.843100 
1.464267 
1.486783 
1.156250 
2.317867 
1.978733 
1.953467 
1.465533 
0.761517 
0.874433 
0.784733 
0.728283 
0.774333 
0.721550 
0.738400 
0.775783 
0.727850 
1.851500 
2.420117 
2.328917 
2.229300 
1.753450 
1.341483 
1.209800 
1.137850 
1.255900 
1.455500 
1.062633 
0.679683 
0.937367 
0.757933 
0.787250 
0.906200 
0.816900 
0.745483 
0.767967 
0.798933 
0.726800 
0.815067 
0.695467 
0.848600 
2.412400 
3.379350 
3.233150 
3.258100 
3.187483 
1.906850 
1.946350 
1.734650 
1.716117 
2.159900 
2.780467 
2.430483 
2.151833 
1.891017 
1.573683 
0.724817 
0.777967 
0.931183 
0.897600 
0.751167 
0.762683 
0.766700 
0.723100 
0.742150 
1.978350 
2.309450 
2.579167 
3.048883 
2.919283 
2.066417 
1.768383 
1.664867 
1.567917 
1.078200 
1.323583 
0.809217 
1.135733 
1.033767 
0.998500 
0.769383 
0.853917 
0.982133 
0.837400 
0.839650 
0.794333 
0.834833 
0.807717 
0.807250 
0.798600 
0.817500 
2.812033 
4.231550 
4.121617 
4.022183 
3.868450 
3.849733 
3.315967 
2.748850 
2.375567 
1.960033 
1.648483 
1.503033 
1.362117 
0.809983 
0.799317 
0.937300 
0.828600 
0.831500 
0.829150 
0.859450 
0.833367 
0.817100 
3.729217 
3.692817 
4.091083 
4.047367 
3.953100 
2.162967 
1.954133 
1.591067 
1.798750 
1.343667 
1.227533 
1.062917 
1.022733 
2.379200 
2.623200 
0.632467 
0.793417 
0.992400 
0.732367 
0.781917 
0.803550 
0.689817 
0.780783 
0.793833 
3.111683 
3.779633 
3.368517 
3.203817 
2.757400 
2.379817 
1.843850 
1.568567 
1.581533 
1.439483 
1.375267 
1.147033 
1.046383 
1.086817 
1.137100 
0.741467 
0.965500 
0.932150 
0.881133 
0.796683 
0.751967 
0.737450 
0.799783 
1.582600 
4.206100 
3.696200 
3.605233 
3.000133 
2.533150 
2.163000 
1.749650 
1.949467 
1.752067 
1.331867 
1.049850 
1.016850 
1.039250 
1.122100 
1.313350 
0.879633 
1.047283 
0.823250 
0.599950 
0.794383 
0.737100 
0.676900 
0.783067 
0.782383 
3.556483 
3.026483 
2.605250 
2.800967 
2.255050 
2.397667 
1.677850 
1.886250 
1.630117 
1.520833 
1.535183 
1.001017 
1.235283 
1.033683 
1.006350 
0.696267 
0.696483 
0.892400 
0.755633 
0.736333 
0.880433 
0.827050 
0.865133 
1.094367 
3.734250 
3.691900 
3.307900 
3.940167 
3.355683 
2.649117 
2.153567 
1.657033 
1.895267 
1.582167 
1.341267 
1.035617 
1.278500 
1.048450 
1.176767 
0.709917 
0.838483 
0.764017 
0.726867 
0.808200 
0.767533 
0.735617 
3.145433 
2.255150 
2.962300 
3.747300 
4.481200 
4.391067 
4.427100 
3.552583 
3.114233 
2.474050 
1.647533 
1.737017 
1.879317 
1.483233 
1.260667 
1.195967 
1.375350 
0.706133 
0.815317 
0.676950 
0.739900 
0.819150 
0.708883 
0.767050 
0.819533 
0.752267 
0.725267 
1.034300 
4.281617 
4.223617 
4.165050 
4.153583 
4.021900 
4.470417 
3.938800 
3.155350 
2.592533 
2.153967 
1.673050 
1.844717 
1.463317 
0.775950 
0.710550 
0.637767 
0.651633 
0.689617 
0.656600 
0.655700 
0.670067 
0.696267 
2.913150 
3.297033 
3.168717 
3.685617 
3.196367 
2.778400 
2.389767 
1.886217 
1.618267 
1.303667 
1.256617 
1.177850 
0.901150 
1.203567 
1.059450 
0.720733 
0.652200 
0.641600 
0.614450 
0.667650 
0.685517 
0.637233 
0.697467 
0.752450 
4.199100 
4.191583 
4.224033 
4.222033 
3.853533 
3.241500 
3.258133 
2.577733 
1.710033 
1.569833 
1.812917 
1.401550 
1.193683 
1.023400 
1.027683 
0.810017 
0.706900 
0.681700 
0.693133 
0.760967 
0.763900 
0.760717 
0.710400 
0.826000 
4.215767 
3.928650 
4.224100 
4.184500 
4.145917 
3.238217 
2.416333 
2.165033 
2.023083 
1.822217 
1.429100 
1.440967 
1.395767 
1.424783 
1.040917 
0.821300 
0.794367 
0.732500 
0.684433 
0.801850 
0.747283 
0.778683 
0.783283 
0.821983 
4.304400 
4.334600 
0.622983 
0.708833 
0.657383 
0.596917 
0.759617 
0.661367 
0.644933 
0.721283 
0.663533 
0.626683 
0.695483 
0.687017 
0.587467 
0.667400 
0.620017 
0.609933 
0.685733 
0.649867 
0.642067 
0.675300 
0.671500 
0.621350 
0.672533 
0.653833 
0.925250 
1.067600 
1.109500 
1.001967 
0.918750 
0.672783 
0.654450 
0.769683 
0.629383 
0.632867 
0.630317 
0.641383 
0.612883 
0.663000 
0.612583 
0.633933 
0.687567 
0.660367 
0.646450 
0.698167 
0.648317 
0.650950 
0.667433 
0.983050 
0.992133 
0.963567 
1.009883 
0.834867 
0.636133 
0.684883 
0.659950 
0.645367 
0.630183 
0.634733 
0.638617 
0.639300 
0.647083 
0.633017 
0.625483 
0.636033 
0.619767 
0.639867 
0.630633 
0.639317 
0.705267 
0.666917 
0.669900 
1.393650 
1.548583 
1.812650 
1.554000 
0.940400 
0.771483 
0.654717 
0.654400 
0.644533 
0.647433 
0.670233 
0.653267 
0.646717 
0.654517 
0.647183 
0.604533 
0.737467 
0.672717 
0.660567 
0.683467 
0.633917 
0.688283 
1.002567 
1.040333 
1.438833 
1.929867 
2.614400 
1.813933 
1.147450 
1.010133 
0.602317 
0.956767 
0.637850 
0.602467 
0.635250 
0.671733 
0.672117 
0.626733 
0.668533 
0.593433 
0.644133 
0.663783 
0.612450 
0.649600 
0.702850 
0.617317 
0.988567 
1.182533 
1.728233 
2.717217 
3.185333 
2.315417 
1.214817 
1.112167 
0.852600 
0.892417 
0.705633 
0.896167 
0.666333 
0.665533 
0.684250 
0.596250 
0.648433 
0.594867 
0.655233 
0.666900 
0.645333 
0.671817 
1.013450 
0.638100 
1.500800 
1.076633 
2.184050 
2.985500 
3.549200 
2.967517 
1.314700 
1.252933 
0.989517 
0.817767 
0.572100 
0.901783 
0.622983 
0.668483 
0.657100 
0.611167 
0.669000 
0.606400 
0.634633 
0.727467 
0.629517 
0.662400 
1.069783 
0.997150 
1.517533 
1.509467 
2.809467 
3.211767 
4.051317 
3.118217 
1.726533 
1.408750 
1.389883 
0.914050 
0.953467 
0.922983 
0.929400 
0.632033 
0.660450 
0.589500 
0.644300 
0.681333 
0.617883 
0.694917 
0.982017 
1.063983 
1.147783 
1.189900 
1.963900 
2.158833 
2.769333 
3.576500 
3.507250 
3.117317 
4.265467 
4.169567 
4.066967 
4.006667 
4.003517 
3.963183 
3.765500 
3.268150 
2.460133 
1.918900 
0.648400 
0.637933 
0.655017 
0.638100 
0.638450 
0.669050 
0.642967 
0.656433 
1.905967 
4.103267 
4.091017 
4.037633 
4.010850 
3.661433 
3.115533 
3.363683 
3.504100 
2.471633 
1.960483 
1.857517 
1.877433 
1.451067 
1.333317 
1.293167 
0.811450 
0.909383 
0.697133 
0.601017 
0.628900 
0.796067 
4.027967 
4.000017 
3.937500 
4.008250 
4.059300 
3.986433 
3.881750 
3.314133 
1.999717 
2.439800 
2.403517 
2.055733 
1.743933 
1.597500 
1.286783 
1.329133 
0.926933 
1.910817 
0.783800 
0.819600 
0.793617 
0.710383 
0.778500 
0.657700 
0.778650 
0.673950 
1.037683 
3.611317 
4.458483 
3.978667 
3.885850 
3.324917 
2.334867 
2.239900 
2.068533 
1.435383 
1.362333 
1.229300 
1.002667 
1.268767 
1.027633 
0.943000 
0.924750 
0.805733 
0.613000 
0.540417 
0.609850 
0.644983 
0.680433 
1.381850 
1.701950 
4.054550 
4.053600 
4.003167 
4.024017 
3.876250 
4.021817 
2.577867 
2.229483 
1.752350 
1.839917 
1.988950 
1.277683 
0.975850 
0.986867 
0.907017 
0.800750 
0.825483 
0.762200 
0.910850 
0.720167 
3.542733 
3.872817 
3.872667 
4.022300 
4.137383 
2.939667 
3.190850 
4.075433 
3.380483 
3.002200 
3.289300 
2.466667 
1.798800 
1.791783 
1.353183 
1.468567 
1.155567 
1.304367 
0.938550 
0.702033 
0.693250 
0.695950 
0.797267 
0.733800 
0.685017 
2.421817 
4.228983 
4.486867 
4.640750 
4.403367 
4.408750 
4.137450 
4.121667 
4.245400 
3.874733 
2.205500 
2.037017 
1.766883 
1.455900 
1.693467 
1.337150 
1.048850 
1.278133 
0.733433 
0.773933 
0.672617 
1.027100 
1.020533 
0.664400 
0.629650 
0.833817 
2.277250 
4.119400 
4.166483 
4.118983 
4.072683 
4.015650 
3.321867 
3.442267 
2.637383 
2.447983 
2.126950 
1.852733 
1.731600 
1.349300 
1.323300 
1.110383 
0.657050 
0.805867 
1.061433 
1.110800 
1.415483 
1.314867 
0.784933 
1.255767 
3.264617 
4.539633 
4.472350 
4.372783 
4.308700 
4.153483 
4.022867 
4.146800 
3.705317 
3.044533 
3.228517 
2.036467 
1.995083 
1.900617 
1.649800 
1.365350 
0.978283 
1.035450 
0.946250 
0.766150 
1.021517 
1.018850 
0.743317 
0.701467 
0.664117 
0.764900 
1.444967 
4.330600 
4.321417 
4.207650 
4.140450 
4.110483 
4.265283 
4.081350 
3.095350 
2.185550 
2.039467 
1.855933 
1.585117 
1.528100 
0.992700 
0.994300 
0.810500 
0.843017 
0.935167 
0.685567 
0.620550 
0.703717 
1.825183 
4.248833 
4.320950 
4.300100 
4.240283 
4.153833 
3.767533 
2.941000 
4.345700 
4.205733 
3.957783 
3.802283 
2.897383 
2.399383 
2.032517 
1.970500 
0.617017 
0.751500 
0.946400 
0.846250 
0.964683 
1.031133 
0.799900 
1.569200 
4.378917 
4.383250 
4.432867 
4.780650 
5.809783 
5.061250 
4.532500 
4.251883 
4.000667 
3.652717 
3.139850 
2.539083 
2.013033 
1.940233 
1.433333 
1.363683 
0.736983 
0.705167 
0.718283 
1.019433 
1.041167 
1.046717 
0.812133 
1.421583 
3.509250 
4.450017 
4.629500 
4.351633 
4.352083 
4.277250 
3.754383 
3.839883 
3.530817 
3.927417 
3.605550 
2.423750 
1.881683 
0.984900 
0.672283 
0.675183 
0.691517 
0.624267 
0.664233 
0.729533 
0.626050 
0.720083 
0.749500 
0.665117 
0.681650 
0.694950 
0.662883 
0.658100 
0.993217 
0.971150 
0.619233 
0.690767 
0.608033 
0.659250 
0.688067 
0.632400 
0.647450 
0.686667 
0.709733 
0.656950 
0.644383 
0.654100 
0.673517 
0.661317 
0.654217 
0.660367 
0.699417 
0.688150 
1.072450 
0.984000 
1.483383 
2.422817 
2.512667 
1.955267 
1.281300 
0.945400 
1.089033 
0.899650 
0.915550 
0.760250 
0.843617 
0.674867 
0.665833 
0.626683 
0.647733 
0.686133 
0.651317 
0.644817 
0.674067 
0.638750 
0.670183 
0.922467 
0.652300 
0.835300 
0.967517 
0.937567 
0.928717 
1.006000 
0.598050 
0.631983 
0.689883 
0.663733 
0.653750 
0.662883 
0.637183 
0.662317 
0.687150 
0.672367 
0.634650 
0.617500 
0.695967 
0.617833 
0.701900 
0.658533 
0.620733 
0.646783 
0.705850 
0.701383 
0.659617 
0.674700 
0.662933 
0.670417 
0.681517 
0.682250 
0.648617 
0.649167 
0.637950 
0.671650 
0.668583 
0.660783 
0.637617 
0.652250 
0.655850 
0.611000 
0.688600 
0.678617 
0.653117 
0.667617 
0.643100 
0.667233 
0.663050 
0.651550 
0.658383 
0.645383 
0.652450 
0.626517 
0.674417 
0.667467 
0.656100 
0.656767 
0.667650 
0.633300 
0.666300 
0.653450 
0.669467 
0.713250 
0.714967 
0.648933 
0.681533 
0.645033 
0.715367 
0.622950 
0.692267 
0.703450 
0.725750 
0.659833 
0.606317 
0.684400 
0.782450 
0.655633 
0.697567 
0.652383 
0.667550 
0.670717 
0.635467 
0.633150 
0.680283 
0.695267 
0.671617 
0.660283 
0.649217 
0.626183 
0.636367 
0.638183 
0.662200 
0.655900 
0.676600 
0.662950 
0.642067 
0.640933 
0.641167 
0.963433 
0.891100 
0.589867 
0.913333 
0.668683 
0.660133 
0.687250 
0.681133 
0.675533 
0.639983 
0.708700 
0.651050 
0.676850 
0.614633 
0.671233 
0.614933 
0.633667 
0.642317 
0.662483 
0.675917 
0.683333 
0.618067 
0.858150 
1.189133 
1.743867 
2.223150 
1.604733 
1.073017 
0.908850 
0.912183 
0.610600 
0.679200 
0.620600 
0.640817 
0.665033 
0.638700 
0.668067 
0.654700 
0.600700 
0.644350 
0.629433 
0.615683 
0.670183 
0.653883 
0.608817 
0.709017 
0.950033 
1.175083 
1.191933 
1.211867 
0.938350 
0.936717 
0.857383 
0.730683 
0.683817 
0.642400 
0.677183 
0.660333 
0.635033 
0.740350 
0.658200 
0.636617 
0.661550 
0.623200 
0.603100 
0.674533 
0.683383 
0.656817 
0.636633 
0.939200 
0.876900 
1.181633 
1.456400 
1.874650 
1.173533 
0.899367 
0.601267 
0.934500 
0.617967 
0.657883 
0.646883 
0.646750 
0.636483 
0.640933 
0.702283 
0.668033 
0.654283 
0.627383 
0.599900 
0.672333 
0.653617 
0.670250 
0.628667 
0.992767 
0.942767 
1.460700 
1.535833 
1.818867 
1.594383 
1.083250 
0.615567 
0.968767 
1.000133 
0.858117 
0.711333 
0.680550 
0.658333 
0.644083 
0.889433 
3.633817 
2.991050 
0.897467 
1.706717 
1.498250 
1.730833 
1.545583 
1.658133 
3.361583 
4.236800 
4.239850 
4.230100 
4.234517 
4.158033 
4.055100 
3.958983 
3.883133 
3.563950 
3.881517 
3.816467 
3.790317 
3.789967 
2.762317 
2.494350 
0.641200 
0.981900 
0.761300 
0.788517 
0.764483 
0.765517 
0.900083 
1.066917 
2.178717 
4.334600 
4.347350 
4.274733 
4.236117 
4.155983 
4.379533 
4.062533 
4.060017 
3.951933 
3.874467 
3.125217 
2.930767 
2.428050 
2.153083 
2.065633 
0.635000 
0.805283 
0.813967 
0.688367 
0.762600 
0.768233 
0.731867 
0.649067 
1.792433 
4.144217 
4.255150 
4.372850 
4.324617 
4.270567 
4.288200 
4.059800 
3.986550 
3.275300 
2.580733 
2.298833 
1.950133 
1.803567 
1.531783 
1.465917 
0.775900 
1.503250 
0.628267 
0.748283 
0.620450 
0.491450 
0.792617 
4.343800 
4.496750 
4.361217 
4.047400 
4.355600 
4.329183 
4.243383 
4.192833 
4.484567 
3.577967 
2.656950 
2.041283 
1.923500 
1.735550 
1.967767 
1.435117 
1.237967 
1.001900 
1.292950 
0.983583 
1.087067 
0.805567 
0.786533 
1.031783 
0.895817 
1.653883 
4.130883 
4.151367 
3.737783 
4.115100 
4.250017 
4.097583 
2.441500 
2.074617 
1.963400 
2.403333 
1.725433 
1.446033 
1.518667 
1.096250 
1.395133 
0.846350 
0.952533 
0.819300 
0.739100 
1.335650 
0.800883 
0.834567 
1.183750 
2.880667 
4.517583 
4.583933 
4.371717 
4.331633 
4.310600 
3.922833 
4.236683 
3.664350 
3.027500 
2.876967 
2.290150 
2.044800 
1.747933 
1.793083 
1.548767 
0.918367 
0.889900 
0.874500 
0.786750 
0.913950 
0.694150 
0.689333 
0.701550 
0.661200 
0.772167 
2.506850 
4.730783 
4.475467 
4.312233 
4.223467 
4.269467 
4.216767 
3.945850 
3.722483 
3.588117 
2.768067 
2.734683 
2.274217 
2.012383 
0.930633 
1.361150 
1.206400 
1.092133 
0.913317 
0.818067 
0.821100 
0.770417 
1.831950 
4.488933 
4.578467 
4.593700 
4.461050 
4.333883 
4.270367 
3.738017 
3.736467 
3.215533 
2.622417 
2.298533 
1.851083 
1.889933 
1.881983 
1.424633 
1.037217 
0.893983 
0.797483 
0.764033 
0.685300 
0.638517 
0.689433 
0.771967 
3.008333 
4.400483 
4.414433 
4.441033 
6.205050 
5.022683 
5.049367 
4.391433 
3.864417 
4.057050 
3.103600 
2.863000 
2.398500 
2.125533 
1.892683 
1.615750 
1.019267 
1.027900 
1.005083 
0.916550 
0.915950 
0.695550 
1.041900 
1.165817 
3.154317 
4.345017 
4.351250 
4.394233 
4.473817 
4.399917 
4.478733 
3.982867 
4.302217 
3.926167 
3.503367 
2.947683 
2.794717 
2.232767 
2.122667 
1.550917 
0.965517 
0.947000 
0.916767 
0.872950 
1.192150 
1.253817 
1.135750 
3.720500 
4.438133 
4.143067 
4.408567 
4.436600 
4.557483 
4.729267 
4.598050 
4.584333 
4.588967 
4.627283 
4.048833 
2.786250 
2.233433 
2.076217 
1.883417 
1.841600 
0.826667 
0.853167 
0.871100 
1.009650 
1.704400 
4.265717 
4.423850 
4.751400 
4.632700 
4.595450 
4.075650 
4.914667 
4.441333 
4.412117 
4.576200 
4.735117 
4.901183 
4.071617 
3.264233 
3.083367 
2.346833 
1.838167 
1.998233 
1.856283 
0.891067 
0.757683 
1.025883 
0.971350 
0.813133 
3.639067 
3.673083 
3.046583 
3.445100 
3.626567 
4.057483 
4.419933 
4.744833 
4.299883 
4.255800 
2.937217 
2.826333 
2.370217 
2.362133 
2.279617 
1.941583 
1.756733 
1.909333 
1.513483 
0.808133 
1.062800 
1.142600 
0.846233 
0.752783 
0.701483 
0.611033 
0.738600 
0.707600 
0.651583 
1.990133 
4.524533 
4.586417 
4.509150 
4.575833 
4.415117 
4.165783 
4.116067 
3.722283 
3.967067 
3.291100 
3.008683 
3.032517 
2.312183 
0.757700 
0.687433 
0.856717 
0.715050 
0.690817 
0.867050 
0.690033 
0.722317 
2.601383 
4.792733 
4.667167 
4.565583 
4.673183 
4.522283 
4.583817 
4.374967 
4.500433 
3.726567 
3.048300 
2.784133 
3.467450 
3.979100 
3.659150 
2.524617 
0.759433 
1.133817 
0.835500 
0.727633 
0.799483 
0.733433 
0.690517 
0.664050 
1.545200 
4.441150 
4.446667 
4.465033 
4.418583 
4.585400 
4.741817 
4.612067 
4.550200 
4.256433 
3.429217 
2.630017 
2.142367 
1.950517 
1.985017 
1.542050 
0.935500 
1.026300 
0.861883 
0.940500 
0.890533 
1.227133 
1.233750 
1.741233 
4.853383 
4.561650 
4.817883 
4.667283 
4.670867 
4.534533 
4.739583 
4.634683 
4.025183 
3.923000 
3.589583 
2.998483 
2.523717 
2.170517 
2.053667 
1.515833 
0.938817 
0.879517 
0.847017 
0.904133 
0.680200 
0.828567 
0.762483 
1.525933 
3.295950 
4.389667 
4.423733 
4.623700 
4.581983 
4.555133 
4.439450 
4.369850 
4.186183 
4.125750 
4.153650 
4.086067 
4.006783 
3.220383 
2.631183 
2.327167 
0.805267 
0.943150 
0.871967 
0.733483 
0.737350 
0.708600 
0.743650 
0.801450 
3.996750 
4.752000 
4.803450 
4.799367 
4.348817 
4.172150 
4.642767 
4.328700 
4.128500 
3.362417 
2.947717 
2.288900 
1.749133 
1.776983 
1.700500 
1.456833 
0.677833 
0.880683 
1.022850 
0.689733 
0.883850 
0.984067 
0.892433 
1.312383 
3.582567 
4.497367 
4.591533 
4.533500 
4.226850 
4.163900 
3.768117 
3.487133 
3.195050 
2.842650 
2.480750 
2.155517 
2.068983 
1.922400 
1.712567 
1.738933 
0.966967 
1.030267 
1.023800 
1.072383 
1.071250 
1.237133 
0.858900 
0.945033 
0.889883 
0.912383 
3.239800 
4.600917 
4.975283 
4.660867 
4.669833 
6.366033 
6.192133 
5.311683 
4.217233 
4.142017 
4.073350 
3.832617 
3.444800 
3.359483 
3.354517 
3.659950 
3.505050 
3.658067 
3.558233 
3.635517 
3.616167 
3.741467 
4.641633 
4.555767 
4.555150 
4.530617 
4.403650 
4.355633 
4.279083 
4.308433 
3.796967 
3.539517 
2.962400 
2.607567 
2.419117 
2.416567 
2.480067 
2.546133 
2.744900 
2.604683 
1.434950 
0.729083 
0.687333 
0.891217 
1.783167 
1.848367 
3.702967 
2.972417 
3.023083 
2.883467 
3.404633 
3.103950 
3.208100 
2.933633 
2.829667 
2.855833 
2.527250 
2.026250 
3.025233 
1.882383 
1.894917 
3.887500 
3.226683 
3.097717 
2.243817 
0.766300 
1.392917 
1.563767 
2.333683 
2.365750 
2.784150 
2.589983 
3.041200 
3.414883 
2.792283 
2.763933 
2.334917 
1.848283 
1.772750 
1.801900 
1.658600 
1.223150 
1.504200 
1.225950 
1.161733 
1.120717 
1.197983 
1.689733 
1.340983 
1.928917 
1.596317 
1.667517 
2.203667 
2.506017 
2.303267 
2.484750 
3.443200 
3.470633 
3.575167 
2.847650 
2.328350 
1.897050 
1.461600 
2.020567 
1.748100 
1.829317 
3.394967 
3.087750 
2.900617 
2.459767 
1.928983 
1.960417 
1.175583 
0.616233 
0.660100 
0.938600 
1.132067 
1.704117 
1.727600 
2.179083 
2.788317 
3.810033 
3.734900 
3.028417 
2.454883 
2.318633 
2.339500 
2.022783 
1.507917 
1.404033 
1.336967 
1.143633 
1.084933 
1.241217 
0.982917 
0.899800 
0.841700 
0.716867 
0.632317 
0.677833 
2.187817 
4.164367 
4.528467 
4.387850 
3.127183 
3.994400 
4.543567 
4.385250 
4.756217 
2.826600 
2.598517 
2.441300 
1.981800 
3.185433 
2.963783 
2.532767 
2.229417 
1.828600 
1.980633 
2.179617 
1.888533 
1.929733 
1.936417 
2.396833 
2.734283 
3.515750 
3.967433 
3.938700 
4.456750 
4.369133 
4.153950 
4.130550 
4.324733 
3.347100 
3.201917 
2.638717 
2.074067 
1.817450 
1.667667 
2.080850 
1.420800 
1.773750 
1.357867 
2.396433 
1.643333 
1.739200 
2.744700 
2.626850 
3.359400 
3.428317 
3.757617 
3.552717 
4.351500 
4.189033 
4.150417 
4.266333 
3.866933 
2.882883 
2.436100 
2.346517 
2.475600 
1.860617 
1.516817 
1.631900 
1.388800 
1.331600 
1.270367 
2.098467 
1.418850 
1.858617 
2.945433 
3.261133 
4.338217 
4.282733 
4.361167 
4.451150 
4.577317 
4.536800 
4.393750 
4.346433 
4.466567 
4.308067 
4.303817 
4.038933 
3.248900 
2.359933 
2.118400 
2.111767 
2.123783 
1.618517 
2.320483 
2.664150 
2.156967 
2.240700 
3.094500 
4.482317 
4.389033 
4.556467 
4.708367 
4.308767 
4.618083 
4.640067 
4.468150 
4.509350 
4.437583 
4.198200 
4.030150 
3.226600 
2.536817 
2.453433 
2.068933 
2.061517 
1.681117 
1.843517 
1.560183 
2.277867 
2.213233 
1.826183 
2.569550 
2.914850 
3.246767 
3.993817 
5.883567 
4.388917 
4.444900 
4.738217 
4.958333 
5.368050 
4.464850 
4.174883 
4.417900 
4.201850 
3.542717 
2.720600 
2.593817 
2.144133 
2.260850 
1.848950 
1.743450 
1.859383 
1.788533 
2.507083 
3.384017 
3.377617 
3.274733 
3.959500 
4.367150 
4.289600 
4.378050 
4.564350 
4.685400 
4.803650 
4.706467 
5.071183 
4.602700 
4.313433 
4.073250 
4.065617 
4.029883 
3.133733 
3.165767 
2.462550 
2.071883 
2.276767 
2.536900 
3.210233 
4.005367 
3.908767 
3.444983 
3.888833 
3.901000 
3.939000 
4.600033 
4.479050 
4.411750 
4.340533 
4.318517 
3.919900 
3.574400 
3.500633 
2.790950 
2.387883 
2.159350 
2.498750 
2.140283 
2.047900 
2.599850 
2.989517 
2.874600 
2.545333 
2.543350 
2.696350 
2.256817 
0.891083 
0.856083 
0.926733 
1.170733 
2.157233 
2.502450 
2.046583 
1.757383 
1.439100 
1.445483 
1.061033 
1.553300 
1.074683 
1.362450 
1.082483 
1.164700 
1.067700 
1.956067 
1.964800 
1.268483 
1.399433 
1.174383 
1.581400 
1.643700 
1.994183 
1.971417 
1.992833 
2.179650 
2.448400 
2.454267 
2.496517 
1.994817 
1.188117 
1.378250 
1.092083 
1.049500 
1.124350 
1.323817 
1.233700 
1.144817 
1.367233 
1.063117 
1.604667 
1.352267 
1.501033 
1.529000 
2.295733 
2.870683 
2.889567 
2.555217 
2.661833 
4.079950 
4.299583 
4.201467 
3.434483 
2.834633 
2.854617 
4.010233 
3.989617 
3.610483 
2.977567 
2.785300 
2.256933 
1.994050 
2.138783 
1.766883 
2.784933 
1.019433 
0.676333 
1.070083 
1.928050 
1.756983 
2.995467 
4.527767 
4.000200 
4.008733 
4.421317 
4.014567 
3.038967 
3.612633 
4.312933 
4.141383 
4.153967 
4.089050 
4.042800 
3.520550 
2.836117 
2.615933 
2.367417 
2.031667 
1.185400 
0.933233 
0.978133 
1.335800 
1.400433 
2.593600 
2.835067 
3.981867 
4.577550 
4.776600 
4.555933 
3.816717 
4.913600 
4.714200 
5.435450 
4.061183 
3.100250 
2.659333 
2.342200 
1.885817 
1.915850 
1.811667 
1.396133 
1.622817 
1.633767 
2.347567 
1.848517 
1.824217 
2.408183 
2.692750 
3.221000 
3.348483 
3.676883 
4.129050 
4.388233 
4.349500 
4.375633 
4.620400 
4.146533 
3.269133 
2.411467 
2.361200 
1.962400 
2.036000 
1.534733 
1.862367 
1.444100 
1.429750 
1.403733 
2.186467 
1.934167 
1.856967 
2.290017 
2.451383 
2.801250 
3.313967 
3.740567 
4.560367 
4.408600 
5.127067 
4.277783 
3.852350 
3.368650 
3.284950 
2.648467 
2.271800 
2.038367 
1.825883 
1.845400 
1.916517 
1.526100 
1.642300 
2.211383 
2.231117 
2.088567 
2.106767 
2.153883 
2.703567 
3.330733 
4.561800 
4.627183 
4.723500 
4.433867 
4.286167 
4.362033 
4.473783 
4.612767 
3.591433 
3.399667 
2.667767 
2.303250 
2.062000 
1.805317 
1.823683 
1.839350 
1.534183 
2.152900 
1.790350 
2.801950 
3.056083 
2.732300 
3.310733 
3.336233 
4.363417 
4.718567 
4.641617 
4.622483 
4.480550 
4.543367 
4.669900 
4.381883 
3.232033 
2.881550 
2.475133 
2.260883 
2.261917 
1.673850 
1.948483 
1.869300 
2.522567 
2.484833 
2.388700 
3.345717 
3.331117 
3.580917 
3.948667 
4.968400 
4.204533 
4.260667 
4.537150 
4.432667 
4.565283 
4.335200 
4.661100 
3.522233 
2.464867 
2.121517 
1.735567 
2.063933 
0.682767 
0.764033 
0.808517 
0.732883 
1.110517 
1.377950 
0.924483 
1.554300 
2.356700 
2.375283 
2.803233 
2.884250 
2.834733 
2.833300 
2.958717 
3.668417 
3.686150 
3.458817 
2.654267 
2.525383 
2.440750 
2.128450 
1.744983 
1.530817 
1.456050 
1.386167 
1.040100 
1.503883 
1.267883 
1.487350 
0.958117 
1.299383 
1.983717 
2.614683 
3.202250 
3.629833 
3.304250 
3.459550 
4.297900 
4.526367 
4.397433 
3.566767 
2.735633 
1.669317 
2.766650 
2.505700 
2.215067 
2.106117 
2.170783 
1.926317 
1.484200 
1.305967 
1.103317 
1.179783 
1.482117 
2.099250 
1.446050 
2.756100 
2.853800 
2.930750 
4.636600 
3.277867 
2.577983 
2.467700 
2.289400 
2.303850 
1.803900 
2.043950 
1.559800 
1.333533 
1.353300 
1.442050 
1.069467 
1.427567 
1.689433 
1.462567 
1.329600 
1.203350 
1.108667 
1.244983 
1.379167 
1.668917 
2.259767 
2.741500 
2.817250 
2.899167 
3.131333 
4.711133 
3.606117 
3.172750 
2.877700 
2.634600 
2.137417 
1.880983 
1.549483 
1.418983 
1.035050 
1.147900 
1.081233 
1.152167 
1.466200 
1.583000 
1.177067 
0.972150 
1.199533 
1.410800 
1.987900 
2.988033 
3.133133 
3.197067 
2.957550 
2.853633 
2.286750 
1.693650 
1.450100 
1.614000 
1.463217 
1.503283 
1.546917 
1.123483 
1.286350 
1.306850 
0.995367 
1.246367 
1.667650 
1.463917 
1.205150 
1.740233 
1.531667 
1.538133 
1.677833 
2.051700 
2.264567 
2.648950 
3.170617 
3.009900 
2.690050 
2.561683 
2.427367 
1.735433 
1.154083 
1.826150 
1.387650 
1.355167 
1.249483 
1.231567 
1.022150 
1.174100 
1.638083 
1.704567 
1.417850 
1.040850 
1.470067 
1.509050 
2.051000 
2.235133 
2.070450 
3.011517 
4.139467 
4.295733 
4.332033 
3.828950 
3.239733 
2.654600 
2.184283 
1.788683 
1.591867 
1.431750 
1.412183 
1.406000 
1.391467 
1.335917 
1.569733 
1.734050 
1.426650 
1.326867 
2.030167 
2.171483 
2.411433 
3.276633 
2.949200 
3.305783 
3.079283 
3.295850 
4.423750 
4.225750 
3.112467 
3.035633 
2.759300 
2.072983 
1.441050 
1.671467 
1.492500 
1.476983 
1.397333 
1.220217 
1.794900 
2.117083 
1.424133 
1.462783 
1.343850 
1.992933 
2.276983 
2.857150 
3.095217 
3.041117 
3.982967 
5.574517 
3.982067 
4.435783 
3.402550 
3.172350 
3.336117 
2.607500 
2.377883 
2.195333 
1.663183 
1.475150 
1.356317 
1.068933 
1.214750 
0.867533 
1.566267 
1.108633 
1.362517 
1.858867 
2.203450 
2.490267 
2.729267 
3.114883 
3.574667 
3.905233 
3.765400 
2.758217 
2.780050 
2.907083 
2.864183 
2.441150 
2.424650 
2.313767 
1.719683 
1.515467 
1.348200 
1.496267 
1.078967 
1.538333 
1.313817 
1.428583 
1.276217 
1.674500 
2.915233 
2.751750 
2.814583 
3.374900 
3.453350 
3.922633 
3.816883 
3.232900 
3.662400 
2.210100 
2.067883 
2.663867 
1.538283 
1.722600 
1.422483 
1.294267 
1.423067 
1.761150 
1.020000 
1.123367 
1.263600 
3.233150 
4.075133 
3.443833 
3.658133 
3.511650 
2.547150 
2.364883 
2.294483 
1.838733 
2.858550 
3.186150 
2.797133 
1.868800 
1.769033 
1.618933 
1.868917 
1.766150 
1.243783 
1.282200 
1.247933 
1.662150 
1.481217 
2.247167 
1.366450 
1.283033 
1.780950 
1.884600 
1.883717 
2.489533 
3.289117 
3.000800 
3.236000 
2.899500 
2.478600 
2.436750 
2.216700 
1.525367 
1.807267 
1.705833 
1.602500 
1.432467 
1.413050 
1.436050 
1.122750 
1.346883 
1.876133 
2.197367 
1.469950 
1.646700 
2.010250 
1.998650 
2.856800 
3.324717 
3.131800 
2.728400 
3.416150 
3.881033 
3.838083 
4.456183 
3.011683 
2.743483 
4.007100 
4.276783 
4.251567 
3.794200 
2.971017 
2.533100 
2.460933 
2.104533 
2.339983 
2.555817 
2.195400 
3.364767 
3.958567 
3.565117 
2.957983 
3.234000 
3.072617 
2.902717 
3.076983 
3.555583 
3.762617 
3.506150 
3.103883 
2.705933 
2.435667 
2.624367 
2.330867 
1.870283 
1.871433 
1.838117 
1.465317 
1.780483 
1.754317 
2.320383 
2.137967 
2.762533 
2.516867 
2.203883 
1.933817 
1.983767 
1.772833 
1.940033 
2.176317 
2.085083 
2.209117 
2.262867 
2.393433 
2.922617 
1.979367 
1.241700 
1.516100 
1.804783 
1.337567 
1.603250 
1.318600 
1.297183 
1.453517 
1.338317 
1.466317 
1.329750 
1.637000 
1.496100 
1.587067 
1.884367 
1.126033 
1.434517 
3.362967 
3.738850 
3.738600 
3.874117 
3.613350 
2.589417 
2.094167 
1.923283 
1.605983 
1.444583 
1.307950 
1.097467 
1.049267 
1.016483 
1.177467 
1.316650 
0.982133 
1.299217 
1.248383 
1.420717 
1.336483 
1.299150 
1.738050 
2.340950 
2.860317 
2.967550 
2.900233 
2.651217 
1.949833 
1.724967 
1.513933 
1.501233 
1.333767 
1.068167 
1.347467 
0.786633 
0.996017 
1.097750 
1.391500 
1.022800 
0.823550 
0.998950 
1.425383 
1.942517 
1.708767 
2.292167 
2.630917 
3.791433 
4.084933 
4.132867 
4.073083 
3.195833 
3.141967 
1.983317 
2.045633 
2.141100 
1.818417 
1.339000 
0.950567 
0.990333 
1.258733 
0.915867 
1.366017 
1.665067 
1.397617 
2.613717 
2.327683 
2.181950 
2.288633 
1.052517 
1.935700 
3.019233 
3.953617 
3.971250 
3.395633 
3.526133 
3.109600 
2.656400 
2.293600 
2.137267 
1.628783 
1.717700 
1.466783 
0.960433 
1.029967 
1.120433 
1.212017 
1.911950 
1.410583 
1.348100 
1.802950 
1.898533 
2.559000 
2.538983 
3.635400 
3.529683 
4.815083 
4.321250 
4.283350 
4.507517 
3.873300 
3.152550 
2.492617 
2.234100 
2.306117 
1.950417 
1.579233 
1.320167 
1.279083 
0.946083 
1.416483 
1.828683 
0.962567 
1.326483 
1.498267 
1.775250 
1.912550 
2.558600 
2.598283 
2.819533 
3.313467 
3.281350 
2.941117 
2.402767 
2.043417 
1.963350 
2.152250 
1.569067 
1.901217 
1.453500 
1.521800 
1.542283 
1.401017 
1.569383 
1.571750 
1.581717 
1.597633 
1.810900 
1.937700 
2.000300 
2.325383 
2.772400 
2.952983 
3.081333 
2.678783 
2.337517 
2.631333 
2.430850 
2.035117 
1.792617 
1.865083 
1.540100 
1.740217 
1.421400 
1.501700 
1.686367 
1.522000 
1.575483 
1.851817 
1.610100 
1.732033 
1.604850 
1.923400 
3.143217 
2.834233 
3.343983 
3.193100 
3.596050 
4.435500 
3.845333 
2.692250 
2.227667 
1.947167 
1.778017 
1.450200 
1.513883 
1.742900 
1.396650 
1.412633 
1.816567 
1.392050 
1.431200 
1.391517 
1.243850 
1.463150 
1.254150 
1.101383 
1.168100 
1.724850 
1.859600 
1.980150 
1.817283 
1.448050 
1.443817 
1.503233 
1.351550 
1.487367 
1.394167 
1.320000 
0.991683 
1.335083 
1.006183 
0.719783 
1.010700 
1.135550 
1.470017 
1.343367 
1.357333 
0.919383 
0.686300 
1.043250 
1.503667 
2.740267 
2.313650 
1.962333 
2.474483 
3.169383 
2.752467 
3.170800 
4.088517 
3.620583 
2.101317 
2.256317 
1.631450 
1.331317 
1.316150 
0.904483 
0.913200 
1.026083 
1.017550 
1.676000 
1.970333 
1.926817 
1.801100 
2.318850 
1.800567 
1.776850 
2.254867 
2.980750 
3.514100 
3.867200 
4.086500 
3.241383 
3.487367 
2.610100 
2.008267 
2.069750 
2.242300 
1.739667 
1.373350 
1.296833 
1.261317 
1.305600 
1.365533 
1.291583 
2.043600 
1.654350 
1.978217 
3.086600 
2.963017 
3.631400 
3.661083 
3.257250 
2.503733 
2.865067 
4.196800 
3.284233 
3.520000 
3.611650 
2.363650 
1.814683 
1.637583 
1.650717 
1.807850 
1.447833 
1.735983 
1.378650 
1.418183 
1.911317 
2.344333 
2.160567 
1.932550 
2.124300 
1.984800 
2.674517 
4.019833 
3.996550 
4.107000 
3.805450 
3.117300 
4.472000 
4.285533 
3.819883 
1.807617 
1.664667 
1.523683 
1.799617 
1.428050 
1.882267 
1.376317 
1.366933 
1.229350 
1.649817 
1.931433 
1.718867 
1.372850 
1.306600 
1.509233 
1.936450 
2.815783 
2.841867 
3.105133 
3.071350 
3.126767 
2.754050 
2.320867 
2.091583 
1.974117 
1.934050 
1.891650 
1.912267 
1.359933 
1.402967 
1.424167 
1.351667 
1.323117 
1.461067 
1.769400 
1.903000 
2.006867 
2.555333 
2.519333 
2.169833 
2.234200 
2.293833 
3.208900 
3.621367 
3.176833 
2.437483 
1.674950 
1.617200 
1.376067 
1.268100 
1.296333 
0.932167 
1.027700 
0.991567 
0.718950 
0.718450 
0.759233 
0.765550 
0.968450 
0.725367 
0.667650 
0.663000 
0.763600 
1.356983 
1.946267 
1.963483 
2.057650 
1.716400 
1.887883 
1.647717 
1.769533 
1.600833 
0.974067 
1.265767 
1.359383 
0.809700 
0.885550 
0.899883 
0.745783 
0.740117 
0.843733 
0.784783 
0.820017 
0.942883 
0.879567 
1.041750 
1.117867 
0.941500 
2.034283 
2.197233 
2.427167 
2.679467 
2.857283 
3.269517 
3.534633 
2.704133 
1.411217 
1.088633 
1.033100 
0.975983 
0.772033 
0.788100 
0.740400 
0.991683 
0.704417 
1.080417 
1.069533 
0.622733 
0.604333 
0.591350 
0.561150 
0.956433 
1.754450 
1.903333 
1.732617 
2.995850 
2.361783 
2.138217 
2.018300 
1.215817 
1.583683 
1.129533 
1.211300 
1.231883 
1.007417 
0.859883 
0.693783 
0.732967 
0.741600 
1.036817 
1.220283 
0.635367 
0.941450 
0.979950 
1.167217 
1.289683 
2.166883 
2.174467 
1.967617 
2.754767 
2.475167 
2.423017 
2.319417 
1.642183 
1.334950 
1.208850 
1.075500 
1.292967 
1.085867 
0.583817 
0.960517 
0.906183 
0.722883 
1.539233 
1.225567 
1.708000 
0.925533 
0.690350 
0.756600 
2.022733 
1.580767 
1.693517 
1.850683 
1.895817 
1.697983 
2.479217 
2.460950 
2.469000 
2.089700 
2.084450 
1.817450 
1.611917 
1.462283 
1.378133 
1.047050 
0.993600 
1.011333 
1.207967 
1.338683 
1.585100 
1.144250 
1.265783 
1.402583 
1.181250 
2.089800 
2.414317 
2.176267 
2.105083 
2.265700 
2.850750 
3.496100 
2.690600 
2.492267 
2.160750 
1.645917 
1.764883 
1.294000 
1.245633 
1.267667 
1.165650 
1.217833 
1.344250 
1.613817 
1.890533 
1.130017 
1.256983 
1.574383 
1.730283 
2.324683 
2.206967 
2.685117 
2.555100 
2.665000 
2.559783 
3.134450 
2.845017 
2.180250 
2.055600 
2.068200 
1.732133 
1.602233 
1.993000 
1.128667 
0.993533 
1.388883 
1.375150 
1.722633 
1.615333 
1.039833 
0.827817 
1.052083 
1.939800 
2.686467 
2.312433 
1.307733 
1.556900 
1.541250 
1.320217 
1.280733 
0.953917 
1.349267 
1.012033 
1.122617 
1.231583 
1.177867 
0.886600 
1.318933 
0.943383 
1.738233 
1.496167 
2.118083 
1.490267 
1.193317 
1.860083 
1.524317 
1.526683 
1.304583 
1.344067 
1.418667 
1.909083 
2.036683 
2.141067 
1.971650 
2.069400 
1.265500 
1.340167 
1.488833 
1.085150 
1.384633 
1.280367 
1.406483 
0.962017 
1.372017 
1.379367 
1.914017 
1.353100 
2.951550 
3.385183 
1.923833 
1.254100 
2.329800 
2.258667 
1.941150 
2.597117 
2.505267 
2.970300 
1.891067 
1.672900 
1.790367 
1.489317 
0.955100 
0.993750 
0.919550 
0.769600 
0.899600 
0.765333 
0.874083 
1.180800 
1.121233 
0.757550 
0.816133 
1.064733 
1.700017 
1.098367 
0.865350 
0.927950 
0.758450 
0.620233 
1.287917 
1.332700 
1.205567 
1.094683 
0.805367 
0.782367 
0.818983 
0.733450 
0.788217 
0.788067 
0.736533 
0.822017 
0.825167 
1.306100 
1.474483 
0.662300 
0.864000 
0.804817 
0.937850 
0.868567 
1.053817 
1.011250 
0.857667 
0.972933 
0.898333 
1.473867 
1.424200 
1.495950 
1.566900 
0.906517 
0.999967 
0.828483 
0.768750 
0.765667 
0.748783 
0.817117 
0.950350 
1.822783 
1.135250 
0.675933 
0.608217 
0.615550 
0.624050 
0.632283 
0.672317 
0.963500 
0.755733 
0.752633 
1.175283 
1.545867 
1.538750 
1.536450 
0.929583 
0.998000 
0.972133 
1.107667 
1.517000 
0.901283 
0.865817 
0.840350 
0.781517 
0.792383 
0.871117 
0.778133 
0.739583 
0.935517 
0.909400 
0.651333 
0.677700 
0.666983 
0.639867 
0.629750 
0.635850 
0.868117 
0.901067 
0.962950 
0.770467 
0.767200 
0.778933 
0.756783 
0.754033 
0.853500 
0.840167 
0.854283 
0.758767 
0.875900 
0.987167 
1.292583 
0.727267 
0.641450 
0.753067 
0.793267 
0.717300 
0.638633 
0.641083 
0.715883 
0.594067 
0.714167 
0.700867 
0.901083 
0.993167 
1.275067 
1.062567 
0.866900 
0.765567 
0.775500 
0.731333 
0.730917 
0.755700 
0.974050 
1.002983 
0.630333 
0.650983 
0.814567 
1.307117 
1.181400 
0.911383 
1.119100 
1.365250 
2.410300 
2.400017 
2.298217 
1.777350 
0.972517 
1.130300 
0.891967 
0.939150 
0.846900 
0.865667 
0.894167 
0.917683 
1.045867 
1.310383 
1.661983 
1.193517 
0.877750 
0.962533 
0.866017 
0.726317 
0.724483 
0.738500 
0.937483 
0.915333 
1.453433 
1.984883 
1.528550 
1.583067 
1.012117 
0.680350 
0.655617 
0.806750 
0.776117 
0.750550 
0.798017 
0.708750 
0.724367 
0.896317 
1.520483 
1.114333 
0.742217 
0.698583 
0.713317 
1.187617 
1.840683 
1.133417 
3.311917 
1.996733 
1.946100 
2.312933 
2.418233 
2.113000 
1.380817 
1.043217 
1.040950 
0.829483 
0.855933 
0.831517 
0.806233 
0.758733 
1.049450 
0.934250 
1.054117 
1.100000 
0.689750 
1.300167 
0.994300 
1.067317 
1.275100 
1.189867 
1.142483 
1.284833 
1.452917 
1.339383 
2.822083 
2.831367 
2.094383 
1.106983 
1.059200 
1.029300 
0.744750 
0.821500 
0.748700 
0.743700 
0.802200 
0.822550 
1.131867 
1.223783 
1.186067 
1.100133 
1.308450 
1.302383 
1.582767 
1.781200 
2.272317 
1.490200 
1.398767 
1.519683 
2.243650 
2.003867 
1.553483 
1.242567 
1.114767 
1.001800 
1.046300 
0.733750 
0.767500 
0.741333 
0.716400 
0.736333 
0.780367 
0.882417 
0.906917 
0.905333 
1.533800 
2.057017 
1.698350 
0.938567 
1.549017 
1.986933 
3.178133 
2.330817 
1.607350 
1.413450 
2.219733 
3.324133 
2.428517 
1.944750 
1.248533 
1.418617 
0.896967 
1.318067 
1.193917 
1.289033 
1.356617 
1.033800 
0.928350 
1.576417 
2.089100 
1.511850 
1.481000 
1.195350 
2.008267 
2.330550 
1.137650 
1.042633 
1.637817 
1.687833 
1.736050 
1.785867 
0.927017 
1.018067 
1.035467 
0.978317 
1.020117 
0.971767 
0.854200 
1.091850 
1.928717 
3.205650 
1.415650 
0.961367 
2.514883 
2.142117 
1.877517 
2.242850 
1.965850 
1.710650 
2.295517 
1.968233 
1.989017 
1.862183 
1.825317 
1.514483 
1.301933 
1.874667 
1.151317 
1.107783 
1.070933 
0.986133 
0.948417 
1.198867 
1.665433 
1.874217 
1.847283 
2.110000 
1.630600 
1.607183 
1.832817 
2.281117 
3.031183 
2.854383 
3.032650 
2.391100 
1.826800 
2.814033 
2.646200 
2.482367 
2.726383 
1.671483 
1.471567 
1.291133 
1.348183 
0.981833 
1.374233 
1.300450 
1.346333 
2.290000 
1.671767 
1.997833 
1.982300 
3.003783 
4.146267 
3.391017 
3.187217 
3.913133 
3.892933 
3.360083 
2.519417 
2.479817 
2.260050 
1.790550 
1.739817 
1.455300 
1.338100 
1.483567 
1.199567 
1.249217 
1.253217 
0.985350 
1.223367 
1.814417 
1.686583 
1.926383 
1.685817 
2.135200 
2.312233 
2.014100 
1.517850 
2.345050 
2.038700 
1.926633 
2.100750 
1.471067 
2.140867 
1.839083 
1.647750 
0.792100 
0.833533 
0.739950 
0.714700 
0.731800 
0.827067 
0.773850 
1.135167 
0.995450 
0.844900 
1.521667 
1.023817 
1.127467 
1.233533 
1.355350 
1.468850 
1.346633 
1.580600 
2.689967 
2.015817 
1.909233 
1.218250 
0.963683 
1.272317 
0.924350 
1.187700 
0.758633 
0.742383 
0.750917 
0.808467 
0.755567 
0.861583 
0.766150 
0.977000 
1.396967 
0.695167 
0.900967 
1.670683 
1.259800 
1.329217 
1.395267 
0.916367 
0.859417 
0.707317 
0.780883 
0.625450 
0.726183 
1.120467 
0.818833 
0.786400 
0.730083 
0.705467 
0.695833 
0.684150 
0.690533 
0.696633 
0.765000 
0.692250 
0.843467 
0.942750 
0.988433 
1.069683 
1.513683 
1.235650 
0.901867 
0.848983 
0.843533 
1.632917 
1.215233 
1.494167 
0.879783 
0.880333 
1.160483 
0.805750 
0.776700 
0.769550 
0.760800 
1.369350 
0.885150 
0.858750 
1.301067 
1.822200 
0.656733 
0.777150 
0.724183 
0.663500 
0.652983 
0.802350 
0.643033 
0.684917 
0.953583 
1.190650 
1.259617 
1.201717 
0.974567 
1.079983 
1.179433 
1.198400 
0.887033 
0.760883 
0.746250 
0.746467 
0.776100 
0.868500 
1.095900 
1.135700 
0.913750 
0.658883 
1.345867 
1.017883 
1.044850 
1.728967 
1.847500 
1.322500 
1.149617 
1.380850 
1.834117 
1.981600 
1.590933 
1.538500 
1.477917 
1.537300 
1.070817 
1.074583 
1.132800 
1.079583 
1.077600 
0.880867 
1.799567 
1.749000 
0.967050 
1.498033 
1.990317 
1.264983 
1.430817 
1.169367 
1.191333 
0.930333 
0.945083 
1.126767 
1.223533 
1.530817 
1.066483 
0.966183 
1.076317 
0.966717 
0.934650 
0.996317 
0.913217 
0.886983 
0.934067 
0.826983 
1.207200 
1.167283 
0.882533 
0.900700 
1.106833 
1.100217 
0.968217 
1.145633 
0.957717 
0.865833 
0.803450 
0.801183 
1.349650 
1.266433 
1.212983 
0.902283 
0.933517 
0.891400 
0.887817 
0.914983 
0.912933 
0.896750 
0.862800 
0.818550 
1.169433 
1.148867 
0.699450 
0.648217 
0.685650 
0.760533 
0.739717 
0.855317 
0.755283 
0.990400 
1.534267 
1.665167 
2.176017 
1.858600 
1.557317 
1.140033 
0.927200 
0.825200 
1.039200 
0.868600 
0.671817 
0.722650 
0.664300 
0.664550 
0.698717 
0.843467 
0.842733 
0.834867 
0.625550 
0.571450 
0.536100 
0.601033 
0.529233 
0.765033 
1.078383 
0.793433 
0.683083 
0.631000 
0.955933 
1.055367 
0.986200 
0.753133 
0.786867 
0.738017 
0.796600 
0.776450 
0.823583 
0.992567 
0.777733 
0.847250 
0.711300 
0.592283 
0.597100 
0.585867 
0.609650 
0.579017 
0.588650 
0.570067 
0.649283 
0.814683 
1.081867 
0.920433 
0.830650 
0.975017 
1.019567 
0.999183 
0.744933 
0.678533 
0.680333 
0.678733 
0.694300 
0.884517 
0.811833 
0.933000 
0.790867 
0.897567 
0.693250 
0.620967 
0.903300 
0.723967 
0.699417 
1.030917 
1.133033 
1.310717 
1.695583 
1.416050 
0.825850 
0.896300 
1.048067 
1.014033 
0.737500 
0.726450 
0.704883 
0.751733 
1.246250 
0.699183 
1.203700 
1.036983 
0.600017 
0.623867 
0.773083 
0.580317 
0.832750 
0.782600 
0.790600 
0.629133 
0.834633 
1.004100 
0.979750 
0.973050 
1.423617 
1.209133 
1.105117 
0.918167 
0.925583 
0.673000 
0.703350 
0.700867 
0.745483 
0.635467 
1.175100 
1.316550 
1.076983 
1.185800 
1.421567 
1.653900 
1.119400 
0.984617 
0.971867 
0.730383 
1.466050 
1.226133 
1.246517 
1.402633 
1.085450 
0.793850 
0.679667 
0.666300 
0.675367 
0.661067 
0.658167 
0.813967 
0.913933 
0.885967 
1.117233 
1.140683 
0.763950 
0.786333 
0.780550 
0.716983 
0.611367 
0.767433 
0.696267 
0.590100 
0.587533 
0.685617 
1.310150 
1.368900 
1.420983 
0.824933 
1.078050 
1.179133 
1.186067 
1.179817 
1.230017 
1.198617 
2.204350 
1.418967 
1.427000 
1.367367 
1.228050 
1.150650 
1.350217 
1.156150 
1.066433 
2.211217 
1.324900 
1.057067 
1.056733 
1.100400 
1.291300 
1.365683 
1.544333 
1.315433 
1.236167 
1.125000 
1.095583 
1.112050 
1.120050 
1.214833 
1.289917 
1.191567 
1.100600 
1.045900 
1.225283 
1.017067 
2.241350 
1.279383 
1.208083 
1.006533 
1.003183 
1.014867 
1.039350 
1.200300 
1.127100 
1.115283 
1.433300 
1.213117 
1.336200 
1.374033 
1.384300 
1.228717 
1.073450 
1.142283 
1.121150 
1.117333 
1.442067 
1.491800 
1.157483 
0.982083 
0.947783 
1.000250 
0.974767 
1.922450 
2.268133 
2.654433 
2.172883 
1.708167 
1.160900 
1.225950 
1.032283 
1.044417 
1.078633 
1.179100 
1.212900 
0.873183 
1.023867 
1.297933 
1.006233 
0.784050 
1.111050 
1.148583 
1.440083 
0.711950 
0.616300 
0.685450 
0.717283 
0.686167 
0.845600 
0.892100 
1.003083 
1.167800 
1.048117 
1.100833 
1.066450 
0.793333 
0.884017 
0.757317 
0.802150 
0.734400 
0.737350 
0.728167 
0.699500 
0.844350 
1.168017 
1.083833 
0.626800 
0.586633 
0.579333 
0.612383 
0.650317 
0.798733 
0.761433 
0.603267 
2.048950 
1.387300 
1.134367 
0.868317 
0.749767 
0.844883 
0.874000 
0.774283 
0.818917 
0.725983 
0.815067 
0.847450 
0.755133 
0.780467 
1.054833 
1.021900 
0.672933 
0.618617 
0.571067 
0.824183 
0.930900 
1.027383 
1.004017 
1.266583 
0.632267 
0.650533 
0.921717 
0.962033 
0.975100 
0.840967 
0.752267 
0.725450 
0.715817 
0.801417 
0.725550 
0.747133 
0.723550 
0.794950 
1.184267 
1.153950 
0.759550 
0.643367 
0.841550 
1.120933 
0.962850 
1.208333 
0.807767 
0.654067 
0.702967 
0.762800 
1.698817 
1.745617 
1.844083 
1.458183 
1.644233 
1.355000 
1.132950 
1.095883 
0.978567 
0.989817 
1.022217 
0.974150 
1.418533 
1.993117 
1.111900 
1.153767 
1.036000 
0.885717 
0.934567 
1.019383 
0.941917 
0.848450 
1.607267 
1.698550 
1.472383 
1.167800 
1.187100 
1.446617 
1.530183 
1.538467 
1.423050 
1.219267 
1.182333 
0.889417 
0.940767 
2.010217 
1.096250 
1.268667 
1.715717 
1.172867 
0.833617 
0.785833 
1.193650 
1.407583 
1.171650 
1.093383 
1.726050 
2.081333 
1.924533 
1.759200 
1.616233 
1.358533 
1.466467 
1.332517 
1.281150 
1.281667 
0.802033 
0.950950 
1.223200 
0.726317 
0.896650 
1.538400 
0.932850 
0.741383 
0.776017 
0.793483 
1.323833 
0.875833 
1.045933 
1.198267 
1.096700 
0.943983 
0.828317 
0.805000 
0.650900 
1.020333 
1.229733 
1.194017 
0.877100 
0.757417 
0.759333 
0.721583 
0.660367 
1.161000 
1.207600 
1.497600 
0.924333 
1.332083 
0.711983 
0.599983 
0.863800 
1.119833 
0.904817 
0.647417 
0.664400 
1.190050 
1.267550 
1.535233 
1.648133 
1.381367 
1.299733 
1.238167 
1.281367 
1.263417 
1.285300 
1.260383 
1.130867 
1.459933 
1.116533 
1.306483 
1.196333 
0.735717 
0.556117 
0.784400 
0.573267 
0.581133 
0.867317 
0.715033 
1.098617 
1.536867 
1.274283 
1.155983 
1.406033 
1.367217 
1.305183 
1.164967 
1.072600 
0.858067 
1.025733 
1.078100 
0.866550 
0.855533 
0.683267 
0.832250 
1.203383 
1.149133 
1.923050 
1.617017 
1.425117 
1.495650 
1.380033 
1.684533 
2.110583 
1.716217 
1.979600 
2.224333 
1.618067 
1.338317 
0.945933 
1.019850 
0.997833 
1.010667 
1.001883 
0.969033 
0.999000 
0.489717 
0.696283 
0.855483 
0.511033 
1.175100 
1.033783 
1.044733 
1.037267 
0.895417 
0.912533 
0.892200 
1.074950 
1.210683 
1.246117 
1.215450 
1.670267 
1.348417 
0.995650 
0.985917 
0.943417 
0.933500 
0.947483 
0.945900 
0.514100 
0.532133 
0.762250 
0.844200 
1.249783 
1.749183 
1.299283 
2.510383 
1.277833 
1.107633 
1.345500 
1.271050 
1.527650 
1.322750 
1.410483 
1.100083 
1.078267 
1.066150 
1.058800 
1.105183 
1.202950 
1.157617 
0.989650 
0.926050 
1.001667 
0.961650 
0.973450 
0.928533 
0.910467 
1.117250 
1.417533 
1.765983 
1.101467 
1.251617 
1.230500 
1.449417 
1.357100 
2.284500 
2.229133 
1.755133 
1.536050 
1.312150 
1.415500 
1.594300 
1.462800 
1.059883 
1.020167 
0.962550 
0.974733 
1.078000 
0.979717 
0.991567 
0.967317 
1.300817 
1.115783 
1.235650 
1.358750 
1.874000 
1.323550 
1.325817 
1.554417 
1.900450 
1.402967 
2.515883 
1.585367 
1.888167 
1.505150 
1.616217 
1.347450 
1.073600 
1.055383 
1.061050 
1.105617 
1.018783 
1.383950 
1.294767 
1.090600 
1.110983 
1.170217 
1.376083 
1.365900 
1.210000 
1.160800 
1.100067 
1.104267 
1.287433 
1.308983 
1.194967 
0.999400 
1.019400 
1.052317 
1.462400 
1.193917 
0.953533 
0.946500 
0.983467 
0.945667 
1.037367 
1.174100 
1.256350 
0.907617 
0.991400 
1.150433 
0.920583 
1.042783 
1.126367 
1.001783 
1.026683 
1.167367 
1.464367 
1.402950 
1.412400 
1.705850 
1.528167 
1.080033 
1.045150 
1.031583 
0.974950 
1.036067 
1.059500 
1.000667 
1.034783 
1.970983 
1.599750 
1.166700 
1.371000 
1.297283 
1.305883 
1.124417 
1.032133 
0.965283 
0.948717 
1.157267 
1.216550 
0.974567 
0.967967 
1.290917 
1.274233 
0.947383 
0.978367 
1.017200 
0.965050 
1.026667 
1.035017 
1.130733 
1.262383 
2.149933 
1.488850 
1.324517 
1.195667 
0.984667 
0.944283 
1.038183 
1.072400 
1.022217 
1.088800 
1.072717 
1.179500 
1.597033 
2.003133 
1.643083 
1.353950 
1.524233 
1.088467 
1.026567 
0.957200 
0.740117 
0.903333 
0.896783 
0.802183 
1.263617 
1.595517 
1.809033 
2.004067 
1.435150 
1.102750 
0.464983 
0.465883 
0.946483 
0.588400 
0.802450 
3.194517 
2.345167 
1.803583 
2.226317 
1.786533 
1.449767 
1.387867 
0.988733 
0.874467 
0.896567 
1.015050 
1.025817 
1.141167 
1.256950 
1.116033 
1.445450 
3.021950 
1.438017 
1.319467 
0.635583 
0.910467 
0.905650 
1.169067 
0.973600 
0.871083 
0.837617 
1.017567 
1.085617 
1.216833 
1.547767 
1.326067 
1.341217 
0.976533 
0.684617 
0.639817 
0.625667 
0.592850 
0.626433 
0.554417 
0.921333 
1.118217 
1.035000 
0.700517 
0.729367 
1.182350 
1.093100 
1.219750 
1.168483 
1.199133 
1.057733 
1.225367 
1.289550 
1.394083 
1.320633 
1.132467 
0.888967 
0.693150 
0.793700 
0.565283 
0.602167 
0.871700 
1.320417 
1.408350 
1.678067 
1.186617 
0.895967 
0.967550 
1.107600 
1.350317 
1.568017 
0.979583 
1.359400 
1.409500 
1.392050 
1.576350 
1.404900 
1.131133 
0.955017 
0.773717 
0.770333 
0.611283 
0.720450 
0.701467 
0.653450 
1.471467 
0.985450 
1.000100 
0.945167 
0.775483 
0.545100 
0.446283 
0.720467 
0.428650 
0.603717 
0.889850 
1.041750 
1.208300 
1.351367 
1.332917 
1.264683 
1.059100 
1.046683 
1.026550 
0.783917 
0.785483 
0.618800 
0.575800 
0.680217 
0.592700 
1.196933 
1.290850 
1.534150 
2.299417 
1.357583 
1.375350 
1.179450 
1.255833 
1.563167 
0.859517 
0.906883 
0.906083 
0.889933 
1.716867 
1.488733 
1.118567 
1.118900 
1.107267 
1.119117 
0.984483 
0.984000 
0.937867 
0.821617 
0.656800 
1.005200 
1.340650 
0.938883 
0.892033 
0.677133 
0.344383 
0.845417 
1.500567 
1.317633 
0.984333 
0.976967 
1.104783 
1.280717 
1.262600 
1.258650 
0.994550 
0.978117 
0.982617 
0.923717 
0.992300 
1.074033 
1.081917 
1.007533 
1.308950 
1.784950 
1.953950 
1.087417 
0.955333 
1.006617 
1.011567 
1.243217 
1.498350 
1.309350 
1.004133 
1.361067 
1.587900 
1.684683 
1.438483 
1.571333 
1.971117 
1.002583 
1.075550 
1.548667 
1.109900 
1.017167 
1.020417 
1.024233 
0.998383 
1.141833 
0.963683 
1.109850 
1.023550 
0.959817 
0.902167 
0.906183 
0.922633 
0.787650 
0.800483 
0.631450 
0.933100 
1.538167 
1.613750 
1.741750 
1.703383 
1.332950 
1.381667 
1.424150 
1.286017 
0.865033 
0.743517 
0.667767 
0.689683 
0.714783 
1.043533 
0.979533 
0.792033 
0.543400 
0.584150 
0.850667 
1.001600 
1.061233 
0.999850 
1.095483 
1.355567 
1.456150 
1.713717 
1.110550 
1.056083 
1.250033 
1.423300 
1.366017 
0.998333 
0.995150 
1.019517 
0.950100 
1.099617 
1.721333 
1.288933 
0.991967 
0.943100 
0.864900 
0.848817 
1.088367 
0.966883 
0.924617 
1.125850 
1.333267 
1.398833 
1.480117 
1.573217 
1.771617 
1.075150 
1.041633 
1.209717 
1.047383 
1.049450 
1.054317 
1.044667 
1.039300 
1.410567 
1.941533 
1.518033 
1.014167 
1.015217 
1.073717 
0.891383 
0.983400 
1.111067 
1.131850 
0.892167 
1.052767 
1.037383 
1.721267 
1.532867 
1.775633 
1.149950 
0.984333 
1.022450 
1.059067 
1.026517 
1.044500 
1.029733 
1.094083 
1.204483 
1.272017 
1.239317 
0.987017 
0.918367 
0.941650 
0.935200 
0.939733 
1.115967 
1.728800 
1.185967 
0.872700 
1.316300 
1.876600 
1.639467 
1.333650 
1.864400 
1.111200 
1.042450 
1.055950 
1.057367 
1.005467 
0.996600 
1.034283 
1.051000 
1.538367 
1.458567 
1.096117 
1.116450 
1.232800 
1.234967 
1.236517 
1.117683 
1.005017 
0.945400 
1.081917 
1.334917 
1.516317 
1.529833 
1.593517 
1.759217 
1.366367 
1.164867 
1.107833 
1.050767 
1.005500 
1.015400 
1.021033 
1.028833 
1.022333 
1.374933 
1.378667 
1.359633 
1.234783 
1.320833 
2.046483 
1.310200 
1.128883 
0.928183 
1.599983 
1.414683 
1.822550 
0.968283 
1.003150 
1.016033 
0.963200 
0.994883 
0.965200 
0.949983 
0.948550 
0.994883 
0.974567 
0.988367 
0.920050 
0.945267 
0.920233 
0.964600 
0.974183 
0.929217 
0.934683 
0.930150 
0.947767 
0.969250 
0.958967 
0.947867 
0.951550 
0.982800 
0.933500 
0.937500 
0.970417 
0.959717 
0.963100 
0.961900 
0.940367 
0.943033 
0.992217 
0.923083 
0.969767 
0.942433 
0.908417 
0.949167 
0.976183 
0.967533 
1.003183 
0.992567 
0.953900 
0.956533 
0.947217 
0.938783 
0.973000 
0.993783 
0.947317 
0.948500 
0.988867 
1.039150 
0.937367 
0.865100 
0.603117 
0.494550 
0.733917 
0.775917 
0.702950 
0.513200 
0.737550 
0.563617 
0.567933 
0.771733 
0.999717 
0.990533 
0.980600 
0.923767 
0.940383 
1.001150 
0.927517 
0.956367 
0.969383 
1.047300 
1.014367 
0.751317 
0.756683 
0.812700 
0.646150 
0.582667 
0.486300 
0.719633 
0.693367 
0.685167 
0.585350 
0.546767 
0.702933 
0.966967 
0.986050 
0.983167 
0.992117 
0.978733 
0.985050 
0.966650 
3.112517 
1.334800 
1.387583 
1.391400 
1.331800 
1.033517 
0.977283 
0.994817 
0.984833 
0.973883 
0.969017 
0.969317 
0.882200 
0.692583 
0.438117 
0.476050 
0.708283 
0.858417 
0.973300 
0.965317 
0.973083 
0.918983 
0.970850 
0.982800 
0.943283 
0.954383 
0.962817 
1.029167 
0.993733 
0.979650 
0.924067 
0.994783 
0.916800 
0.764283 
0.788417 
0.924400 
1.129183 
0.876167 
0.414000 
0.586417 
0.727667 
0.628450 
0.845933 
0.987817 
0.983433 
0.952833 
0.973967 
0.973017 
1.161533 
0.986467 
0.952417 
1.211467 
1.253933 
1.123467 
0.959883 
0.965867 
0.976917 
0.996217 
0.884517 
0.694917 
0.857150 
0.940400 
0.872017 
0.563667 
0.741650 
0.765200 
0.781117 
0.971983 
0.931017 
0.962467 
0.967067 
0.963417 
0.977050 
0.915633 
0.930800 
0.969183 
0.984433 
1.765367 
1.501467 
1.214450 
0.966650 
0.895717 
0.746050 
0.717983 
0.897667 
0.866783 
0.733683 
0.688567 
0.387450 
0.893850 
1.072033 
0.991300 
0.987383 
0.962483 
0.961133 
0.930617 
0.918567 
0.988850 
0.985717 
1.031067 
1.414800 
1.251650 
1.154700 
0.997867 
0.989883 
0.997967 
0.943733 
0.974117 
0.806367 
0.757517 
0.903833 
0.979833 
0.975750 
0.972467 
0.940183 
0.978067 
0.965117 
0.977467 
0.960583 
1.333917 
1.303933 
0.940750 
0.931350 
0.950467 
0.977133 
1.002300 
0.980017 
0.973567 
0.975517 
1.011300 
1.006183 
0.987050 
0.921167 
0.908200 
0.898733 
0.911633 
0.963833 
0.931367 
0.935817 
0.974350 
0.961183 
0.953717 
0.984133 
0.940417 
0.922600 
0.935600 
0.979283 
0.972450 
0.983250 
0.937717 
0.989917 
0.972600 
0.934100 
0.931683 
0.982767 
0.992067 
0.908417 
0.930017 
0.892483 
0.888650 
0.984150 
0.981283 
0.962067 
0.979317 
0.978600 
0.962983 
0.949633 
0.975467 
0.913967 
0.915167 
0.911817 
0.978083 
0.997317 
0.967900 
