0.000000 
0.000000 
0.000000 
0.000000 
0.000000 
0.000000 
0.000000 
0.000000 
0.015078 
0.085515 
0.151641 
0.293333 
0.263315 
0.109300 
0.138793 
0.315404 
0.118441 
0.017252 
0.000000 
0.000000 
0.000000 
0.000000 
0.000000 
0.000000 
0.000000 
0.000000 
0.000000 
0.000000 
0.000000 
0.000000 
0.000000 
0.002893 
0.052170 
0.126848 
0.203796 
0.252256 
0.279841 
0.282478 
0.243085 
0.181019 
0.124374 
0.007263 
0.000000 
0.000000 
0.000000 
0.000000 
0.000000 
0.000000 
0.000000 
0.000000 
0.000000 
0.000000 
0.000000 
0.000000 
0.000000 
0.003215 
0.058293 
0.108081 
0.231378 
0.150381 
0.117659 
0.206822 
0.176659 
0.065744 
0.032322 
0.000496 
0.000000 
0.000000 
0.000000 
0.000000 
0.000000 
0.000000 
0.000000 
0.000000 
0.000000 
0.000000 
0.000000 
0.000000 
0.000000 
0.000000 
0.024607 
0.086770 
0.109330 
0.242859 
0.177974 
0.126693 
0.138263 
0.067981 
0.025115 
0.000000 
0.000000 
0.000000 
0.000000 
0.000000 
0.000000 
0.000000 
0.000000 
0.000000 
0.000000 
0.000000 
0.000000 
0.000000 
0.000000 
0.000678 
0.054237 
0.132619 
0.222656 
0.266407 
0.357126 
0.492144 
0.667348 
0.594541 
0.413330 
0.074500 
0.000000 
0.000000 
0.000000 
0.000000 
0.000000 
0.000000 
0.000000 
0.000000 
0.000000 
0.000000 
0.000000 
0.000000 
0.000000 
0.003981 
0.029911 
0.044774 
0.128644 
0.371781 
0.573148 
0.678041 
0.700267 
0.621259 
0.424452 
0.084522 
0.000000 
0.000000 
0.000000 
0.000000 
0.000000 
0.000000 
0.000000 
0.000000 
0.000000 
0.000000 
0.000000 
0.000000 
0.000000 
0.003852 
0.084804 
0.142748 
0.277637 
0.382974 
0.449037 
0.493456 
0.463537 
0.315804 
0.085430 
0.002744 
0.000000 
0.000000 
0.000000 
0.000000 
0.000000 
0.000000 
0.000000 
0.000000 
0.000000 
0.000000 
0.000000 
0.000000 
0.000000 
0.000000 
0.014933 
0.024970 
0.046426 
0.079907 
0.085819 
0.057037 
0.096893 
0.046507 
0.024407 
0.000000 
0.000000 
0.000000 
0.000000 
0.000000 
0.000000 
0.000000 
0.000000 
0.000000 
0.000000 
0.000000 
0.000000 
0.000000 
0.000000 
0.000000 
0.005541 
0.026996 
0.156778 
0.080407 
0.138330 
0.104322 
0.110419 
0.151793 
0.053078 
0.008800 
0.000000 
0.000000 
0.000000 
0.000000 
0.000000 
0.000000 
0.000000 
0.000000 
0.000000 
0.000000 
0.000000 
0.000000 
0.000000 
0.003737 
0.025107 
0.038474 
0.118441 
0.365067 
0.556900 
0.668519 
0.673219 
0.596915 
0.416622 
0.099730 
0.000000 
0.000000 
0.000000 
0.000000 
0.000000 
0.000000 
0.000000 
0.000000 
0.000000 
0.000000 
0.000000 
0.000000 
0.000000 
0.002293 
0.052119 
0.180559 
0.249904 
0.362070 
0.500589 
0.641656 
0.409996 
0.134841 
0.054663 
0.009615 
0.000000 
0.000000 
0.000000 
0.000000 
0.000000 
0.000000 
0.000000 
0.000000 
0.000000 
0.000000 
0.000000 
0.000000 
0.000000 
0.000000 
0.004007 
0.029726 
0.026185 
0.056374 
0.120981 
0.192070 
0.214556 
0.193956 
0.106552 
0.013256 
0.000000 
0.000000 
0.000000 
0.000000 
0.000000 
0.000000 
0.000000 
0.000000 
0.000000 
0.000000 
0.000000 
0.000000 
0.000000 
0.002052 
0.086544 
0.139678 
0.161748 
0.361248 
0.596737 
0.713681 
0.737878 
0.658030 
0.469800 
0.126252 
0.000000 
0.000000 
0.000000 
0.000000 
0.000000 
0.000000 
0.000000 
0.000000 
0.000000 
0.000000 
0.000000 
0.000000 
0.000000 
0.000789 
0.060944 
0.164681 
0.230133 
0.385311 
0.576326 
0.626911 
0.667141 
0.337193 
0.127959 
0.023044 
0.000000 
0.000000 
0.000000 
0.000000 
0.000000 
0.000000 
0.000000 
0.000000 
0.000000 
0.000000 
0.000000 
0.000000 
0.000000 
0.000000 
0.003656 
0.039111 
0.048722 
0.093833 
0.082630 
0.116548 
0.099504 
0.093570 
0.060663 
0.014044 
0.000000 
0.000000 
0.000000 
0.000000 
0.000000 
0.000000 
0.000000 
0.000000 
0.000000 
0.000000 
0.000000 
0.000000 
0.000000 
0.004922 
0.033204 
0.054567 
0.146041 
0.374270 
0.602593 
0.722537 
0.748530 
0.672811 
0.479800 
0.135496 
0.000000 
0.000000 
0.000000 
0.000000 
0.000000 
0.000000 
0.000000 
0.000000 
0.000000 
0.000000 
0.000000 
0.000000 
0.000000 
0.003659 
0.027904 
0.042770 
0.124819 
0.345885 
0.575611 
0.687504 
0.712678 
0.641585 
0.467148 
0.141363 
0.000000 
0.000000 
0.000000 
0.000000 
0.000000 
0.000000 
0.000000 
0.000000 
0.000000 
0.000000 
0.000000 
0.000000 
0.000000 
0.004078 
0.029015 
0.044889 
0.128022 
0.345744 
0.577019 
0.692226 
0.717474 
0.646685 
0.461900 
0.116363 
0.000000 
0.000000 
0.000000 
0.000000 
0.000000 
0.000000 
0.000000 
0.000000 
0.000000 
0.000000 
0.000000 
0.000000 
0.000000 
0.005619 
0.040100 
0.114637 
0.204715 
0.287015 
0.468259 
0.605596 
0.753593 
0.625726 
0.492485 
0.083844 
0.000000 
0.000000 
0.000000 
0.000000 
0.000000 
0.000000 
0.000000 
0.000000 
0.000000 
0.000000 
0.000000 
0.000000 
0.000000 
0.004348 
0.031789 
0.049200 
0.132663 
0.358467 
0.566163 
0.651270 
0.670344 
0.584037 
0.376548 
0.135193 
0.000000 
0.000000 
0.000000 
0.000000 
0.000000 
0.000000 
0.000000 
0.000000 
0.000000 
0.000000 
0.000000 
0.000000 
0.000000 
0.000826 
0.030915 
0.054189 
0.123363 
0.333170 
0.404159 
0.497726 
0.417211 
0.610352 
0.417119 
0.092133 
0.000000 
0.000000 
0.000000 
0.000000 
0.000000 
0.000000 
0.000000 
0.000000 
0.000000 
0.000000 
0.000000 
0.000000 
0.000000 
0.003659 
0.064233 
0.147111 
0.295511 
0.353930 
0.543663 
0.665648 
0.609967 
0.563104 
0.425596 
0.110296 
0.000000 
0.000000 
0.000000 
0.000000 
0.000000 
0.000000 
0.000000 
0.000000 
0.000000 
0.000000 
0.000000 
0.000000 
0.000000 
0.000630 
0.059807 
0.152193 
0.276567 
0.343896 
0.589885 
0.649233 
0.646526 
0.573341 
0.445644 
0.136137 
0.000000 
0.000000 
0.000000 
0.000000 
0.000000 
0.000000 
0.000000 
0.000000 
0.000000 
0.000000 
0.000000 
0.000000 
0.000000 
0.004667 
0.073081 
0.171741 
0.193837 
0.327670 
0.529559 
0.682559 
0.699652 
0.625578 
0.454907 
0.147304 
0.000000 
0.000000 
0.000000 
0.000000 
0.000000 
0.000000 
0.000000 
0.000000 
0.000000 
0.000000 
0.000000 
0.000000 
0.000000 
0.003256 
0.041541 
0.143426 
0.254367 
0.350633 
0.546844 
0.653781 
0.680941 
0.569619 
0.351293 
0.102237 
0.000000 
0.000000 
0.000000 
0.000000 
0.000000 
0.000000 
0.000000 
0.000000 
0.000000 
0.000000 
0.000000 
0.000000 
0.000000 
0.000874 
0.014796 
0.057515 
0.103893 
0.150670 
0.128956 
0.201804 
0.480804 
0.607048 
0.382019 
0.125037 
0.000000 
0.000000 
0.000000 
0.000000 
0.000000 
0.000000 
0.000000 
0.000000 
0.000000 
0.000000 
0.000000 
0.000000 
0.000000 
0.000678 
0.039104 
0.068267 
0.118389 
0.285815 
0.322467 
0.447063 
0.258059 
0.334696 
0.177515 
0.060385 
0.000000 
0.000000 
0.000000 
0.000000 
0.000000 
0.000000 
0.000000 
0.000000 
0.000000 
0.000000 
0.000000 
0.000000 
0.000000 
0.000000 
0.017230 
0.084204 
0.103400 
0.223678 
0.246030 
0.224241 
0.194026 
0.219219 
0.082174 
0.006344 
0.000000 
0.000000 
0.000000 
0.000000 
0.000000 
0.000000 
0.000000 
0.000000 
0.000000 
0.000000 
0.000000 
0.000000 
0.000000 
0.001419 
0.042667 
0.076974 
0.055822 
0.229593 
0.405622 
0.475385 
0.454941 
0.374430 
0.244852 
0.009181 
0.000000 
0.000000 
0.000000 
0.000000 
0.000000 
0.000000 
0.000000 
0.000000 
0.000000 
0.000000 
0.000000 
0.000000 
0.000000 
0.010926 
0.044244 
0.047774 
0.145904 
0.401707 
0.651978 
0.777419 
0.811878 
0.750030 
0.574470 
0.260348 
0.000000 
0.000000 
0.000000 
0.000000 
0.000000 
0.000000 
0.000000 
0.000000 
0.000000 
0.000000 
0.000000 
0.000000 
0.000000 
0.006011 
0.041681 
0.063296 
0.167863 
0.441907 
0.623956 
0.761993 
0.790852 
0.721430 
0.520330 
0.212278 
0.000000 
0.000000 
0.000000 
0.000000 
0.000000 
0.000000 
0.000000 
0.000000 
0.000000 
0.000000 
0.000000 
0.000000 
0.000000 
0.005685 
0.030633 
0.048626 
0.154452 
0.420393 
0.614785 
0.723089 
0.764363 
0.672670 
0.506878 
0.247026 
0.000000 
0.000000 
0.000000 
0.000000 
0.000000 
0.000000 
0.000000 
0.000000 
0.000000 
0.000000 
0.000000 
0.000000 
0.000000 
0.007593 
0.036348 
0.056985 
0.161015 
0.359541 
0.607822 
0.720907 
0.773004 
0.739356 
0.517563 
0.182856 
0.000000 
0.000000 
0.000000 
0.000000 
0.000000 
0.000000 
0.000000 
0.000000 
0.000000 
0.000000 
0.000000 
0.000000 
0.000000 
0.008059 
0.040733 
0.063559 
0.178544 
0.351130 
0.617989 
0.723822 
0.761333 
0.679570 
0.347581 
0.051511 
0.000000 
0.000000 
0.000000 
0.000000 
0.000000 
0.000000 
0.000000 
0.000000 
0.000000 
0.000000 
0.000000 
0.000000 
0.000000 
0.000237 
0.032348 
0.108448 
0.293352 
0.290500 
0.261648 
0.618311 
0.448363 
0.528144 
0.367552 
0.196922 
0.000000 
0.000000 
0.000000 
0.000000 
0.000000 
0.000000 
0.000000 
0.000000 
0.000000 
0.000000 
0.000000 
0.000000 
0.000000 
0.006615 
0.032852 
0.052548 
0.153263 
0.342326 
0.496807 
0.702330 
0.709181 
0.658696 
0.313800 
0.127993 
0.000000 
0.000000 
0.000000 
0.000000 
0.000000 
0.000000 
0.000000 
0.000000 
0.000000 
0.000000 
0.000000 
0.000000 
0.000000 
0.002181 
0.045507 
0.139681 
0.222400 
0.282789 
0.380126 
0.544289 
0.722196 
0.586959 
0.468163 
0.143322 
0.000000 
0.000000 
0.000000 
0.000000 
0.000000 
0.000000 
0.000000 
0.000000 
0.000000 
0.000000 
0.000000 
0.000000 
0.000000 
0.008130 
0.042107 
0.144152 
0.259715 
0.427774 
0.616811 
0.717233 
0.737467 
0.582841 
0.247622 
0.144456 
0.001374 
0.000000 
0.000000 
0.000000 
0.000000 
0.000000 
0.000000 
0.000000 
0.000000 
0.000000 
0.000000 
0.000000 
0.000000 
0.008159 
0.032415 
0.052522 
0.191200 
0.465044 
0.662919 
0.775889 
0.800511 
0.741915 
0.580800 
0.274367 
0.001493 
0.000000 
0.000000 
0.000000 
0.000000 
0.000000 
0.000000 
0.000000 
0.000000 
0.000000 
0.000000 
0.000000 
0.000000 
0.002052 
0.035430 
0.056396 
0.063659 
0.048404 
0.056311 
0.072622 
0.057567 
0.043363 
0.019756 
0.002870 
0.000000 
0.000000 
0.000000 
0.000000 
0.000000 
0.000000 
0.000000 
0.000000 
0.000000 
0.000000 
0.000000 
0.000000 
0.000000 
0.001848 
0.054733 
0.115215 
0.142885 
0.233252 
0.397607 
0.597948 
0.435407 
0.330407 
0.157404 
0.063404 
0.000000 
0.000000 
0.000000 
0.000000 
0.000000 
0.000000 
0.000000 
0.000000 
0.000000 
0.000000 
0.000000 
0.000000 
0.000000 
0.002585 
0.025848 
0.087570 
0.091141 
0.191770 
0.153070 
0.185393 
0.317993 
0.060644 
0.038141 
0.006933 
0.000000 
0.000000 
0.000000 
0.000000 
0.000000 
0.000000 
0.000000 
0.000000 
0.000000 
0.000000 
0.000000 
0.000000 
0.000000 
0.000000 
0.022770 
0.121041 
0.213630 
0.361396 
0.687644 
0.717467 
0.710319 
0.516507 
0.428174 
0.280756 
0.000000 
0.000000 
0.000000 
0.000000 
0.000000 
0.000000 
0.000000 
0.000000 
0.000000 
0.000000 
0.000000 
0.000000 
0.000000 
0.009726 
0.034356 
0.058815 
0.199667 
0.503022 
0.703007 
0.819941 
0.848641 
0.780722 
0.616152 
0.327870 
0.014370 
0.000000 
0.000000 
0.000000 
0.000000 
0.000000 
0.000000 
0.000000 
0.000000 
0.000000 
0.000000 
0.000000 
0.000000 
0.011037 
0.037489 
0.063604 
0.187985 
0.486811 
0.684885 
0.790719 
0.820556 
0.754444 
0.601322 
0.310296 
0.011296 
0.000000 
0.000000 
0.000000 
0.000000 
0.000000 
0.000000 
0.000000 
0.000000 
0.000000 
0.000000 
0.000000 
0.000000 
0.016952 
0.081541 
0.164430 
0.269556 
0.387648 
0.656959 
0.863922 
0.706363 
0.598144 
0.371122 
0.210596 
0.000000 
0.000000 
0.000000 
0.000000 
0.000000 
0.000000 
0.000000 
0.000000 
0.000000 
0.000000 
0.000000 
0.000000 
0.000000 
0.010959 
0.035970 
0.065185 
0.194574 
0.511611 
0.711959 
0.832678 
0.858511 
0.789830 
0.630478 
0.348578 
0.017007 
0.000000 
0.000000 
0.000000 
0.000000 
0.000000 
0.000000 
0.000000 
0.000000 
0.000000 
0.000000 
0.000000 
0.000000 
0.011730 
0.036241 
0.064504 
0.193541 
0.510463 
0.714393 
0.832415 
0.864611 
0.802515 
0.633611 
0.232119 
0.003837 
0.000000 
0.000000 
0.000000 
0.000000 
0.000000 
0.000000 
0.000000 
0.000000 
0.000000 
0.000000 
0.000000 
0.000000 
0.000330 
0.024681 
0.035307 
0.122911 
0.378415 
0.503044 
0.784885 
0.723837 
0.551456 
0.594941 
0.273170 
0.009248 
0.000000 
0.000000 
0.000000 
0.000000 
0.000000 
0.000000 
0.000000 
0.000000 
0.000000 
0.000000 
0.000000 
0.000000 
0.014863 
0.040507 
0.072115 
0.268456 
0.523522 
0.683185 
0.832811 
0.863426 
0.781444 
0.316400 
0.030830 
0.000000 
0.000000 
0.000000 
0.000000 
0.000000 
0.000000 
0.000000 
0.000000 
0.000000 
0.000000 
0.000000 
0.000000 
0.000000 
0.004193 
0.012256 
0.017811 
0.147219 
0.214133 
0.094822 
0.064637 
0.046904 
0.048941 
0.014689 
0.000000 
0.000000 
0.000000 
0.000000 
0.000000 
0.000000 
0.000000 
0.000000 
0.000000 
0.000000 
0.000000 
0.000000 
0.000000 
0.000000 
0.016048 
0.070226 
0.097474 
0.217733 
0.436911 
0.661970 
0.778363 
0.873626 
0.816678 
0.625648 
0.148796 
0.012741 
0.000000 
0.000000 
0.000000 
0.000000 
0.000000 
0.000000 
0.000000 
0.000000 
0.000000 
0.000000 
0.000000 
0.000000 
0.021022 
0.126993 
0.258493 
0.346941 
0.444681 
0.616663 
0.851993 
0.803141 
0.680878 
0.277315 
0.180433 
0.000000 
0.000000 
0.000000 
0.000000 
0.000000 
0.000000 
0.000000 
0.000000 
0.000000 
0.000000 
0.000000 
0.000000 
0.000000 
0.018970 
0.043819 
0.080537 
0.229126 
0.538111 
0.727759 
0.851967 
0.896204 
0.831196 
0.674522 
0.400300 
0.034870 
0.000000 
0.000000 
0.000000 
0.000000 
0.000000 
0.000000 
0.000000 
0.000000 
0.000000 
0.000000 
0.000000 
0.000000 
0.016233 
0.041841 
0.079426 
0.228126 
0.538607 
0.726207 
0.826689 
0.836807 
0.768293 
0.203381 
0.039985 
0.000000 
0.000000 
0.000000 
0.000000 
0.000000 
0.000000 
0.000000 
0.000000 
0.000000 
0.000000 
0.000000 
0.000000 
0.000000 
0.023837 
0.070478 
0.119330 
0.247867 
0.573993 
0.782537 
0.891474 
0.947315 
0.855567 
0.688856 
0.377070 
0.014133 
0.000000 
0.000000 
0.000000 
0.000000 
0.000000 
0.000000 
0.000000 
0.000000 
0.000000 
0.000000 
0.000000 
0.000000 
0.015859 
0.037681 
0.080215 
0.272400 
0.582711 
0.782789 
0.886800 
0.928530 
0.827259 
0.437356 
0.169833 
0.004378 
0.000000 
0.000000 
0.000000 
0.000000 
0.000000 
0.000000 
0.000000 
0.000000 
0.000000 
0.000000 
0.000000 
0.000000 
0.028578 
0.054981 
0.097693 
0.254693 
0.585600 
0.776459 
0.835270 
0.804770 
0.680641 
0.695126 
0.427533 
0.024793 
0.000000 
0.000000 
0.000000 
0.000000 
0.000000 
0.000000 
0.000000 
0.000000 
0.000000 
0.000000 
0.000000 
0.000000 
0.025641 
0.121659 
0.245004 
0.334193 
0.533552 
0.750948 
0.836396 
0.711415 
0.827500 
0.465637 
0.190878 
0.035452 
0.000000 
0.000000 
0.000000 
0.000000 
0.000000 
0.000000 
0.000000 
0.000000 
0.000000 
0.000000 
0.000000 
0.000000 
0.019070 
0.042867 
0.090089 
0.251056 
0.567170 
0.750874 
0.842141 
0.839874 
0.812193 
0.711444 
0.369189 
0.043307 
0.000000 
0.000000 
0.000000 
0.000000 
0.000000 
0.000000 
0.000000 
0.000000 
0.000000 
0.000000 
0.000000 
0.000000 
0.020541 
0.047737 
0.100385 
0.267111 
0.610685 
0.814341 
0.921963 
0.945152 
0.886770 
0.693870 
0.410633 
0.048596 
0.000000 
0.000000 
0.000000 
0.000000 
0.000000 
0.000000 
0.000000 
0.000000 
0.000000 
0.000000 
0.000000 
0.000000 
0.018704 
0.037896 
0.087804 
0.284615 
0.594381 
0.789715 
0.900604 
0.924152 
0.859463 
0.704574 
0.410422 
0.041456 
0.000000 
0.000000 
0.000000 
0.000000 
0.000000 
0.000000 
0.000000 
0.000000 
0.000000 
0.000000 
0.000000 
0.000000 
0.051374 
0.098741 
0.208385 
0.304337 
0.412874 
0.741837 
0.858559 
0.842615 
0.796156 
0.432693 
0.260604 
0.006237 
0.000000 
0.000000 
0.000000 
0.000000 
0.000000 
0.000000 
0.000000 
0.000000 
0.000000 
0.000000 
0.000000 
0.000000 
0.036200 
0.099919 
0.202726 
0.349133 
0.630422 
0.792733 
0.951363 
0.972741 
0.903463 
0.729256 
0.446930 
0.052574 
0.000000 
0.000000 
0.000000 
0.000000 
0.000000 
0.000000 
0.000000 
0.000000 
0.000000 
0.000000 
0.000000 
0.000000 
0.042722 
0.154722 
0.229007 
0.291041 
0.587807 
0.815463 
0.732015 
0.779278 
0.721641 
0.210215 
0.146063 
0.014985 
0.000000 
0.000000 
0.000000 
0.000000 
0.000000 
0.000000 
0.000000 
0.000000 
0.000000 
0.000000 
0.000000 
0.000000 
0.046263 
0.141344 
0.240656 
0.305311 
0.497252 
0.728663 
0.714956 
0.676393 
0.398044 
0.486459 
0.205107 
0.000000 
0.000000 
0.000000 
0.000000 
0.000000 
0.000000 
0.000000 
0.000000 
0.000000 
0.000000 
0.000000 
0.000000 
0.000000 
0.000000 
0.016967 
0.018537 
0.026641 
0.036219 
0.021841 
0.039967 
0.076893 
0.083822 
0.127922 
0.155674 
0.006793 
0.000000 
0.000000 
0.000000 
0.000000 
0.000000 
0.000000 
0.000000 
0.000000 
0.000000 
0.000000 
0.000000 
0.000000 
0.001033 
0.025996 
0.071181 
0.092763 
0.074874 
0.094752 
0.167578 
0.161778 
0.138185 
0.062441 
0.033793 
0.000004 
0.000000 
0.000000 
0.000000 
0.000000 
0.000000 
0.000000 
0.000000 
0.000000 
0.000000 
0.000000 
0.000000 
0.000000 
0.028711 
0.137789 
0.193615 
0.378715 
0.649678 
0.844730 
0.954411 
0.978985 
0.920067 
0.758826 
0.482322 
0.069189 
0.000000 
0.000000 
0.000000 
0.000000 
0.000000 
0.000000 
0.000000 
0.000000 
0.000000 
0.000000 
0.000000 
0.000104 
0.024707 
0.043233 
0.114470 
0.360178 
0.672496 
0.864604 
0.957448 
0.977448 
0.915333 
0.748278 
0.475211 
0.073470 
0.000000 
0.000000 
0.000000 
0.000000 
0.000000 
0.000000 
0.000000 
0.000000 
0.000000 
0.000000 
0.000000 
0.000041 
0.025263 
0.044267 
0.117096 
0.348122 
0.645922 
0.823059 
0.913711 
0.927881 
0.867156 
0.711433 
0.438226 
0.058959 
0.000000 
0.000000 
0.000000 
0.000000 
0.000000 
0.000000 
0.000000 
0.000000 
0.000000 
0.000000 
0.000000 
0.000315 
0.027167 
0.049356 
0.124752 
0.319841 
0.622859 
0.794607 
0.885333 
0.900381 
0.838074 
0.689967 
0.425456 
0.059026 
0.000000 
0.000000 
0.000000 
0.000000 
0.000000 
0.000000 
0.000000 
0.000000 
0.000000 
0.000000 
0.000000 
0.000444 
0.029048 
0.053678 
0.160789 
0.409707 
0.639833 
0.815574 
0.911367 
0.930022 
0.860681 
0.713678 
0.453919 
0.070185 
0.000000 
0.000000 
0.000000 
0.000000 
0.000000 
0.000000 
0.000000 
0.000000 
0.000000 
0.000000 
0.000000 
0.000704 
0.037281 
0.049730 
0.124856 
0.379881 
0.651215 
0.828756 
0.928359 
0.947941 
0.885463 
0.730474 
0.475144 
0.081433 
0.000000 
0.000000 
0.000000 
0.000000 
0.000000 
0.000000 
0.000000 
0.000000 
0.000000 
0.000000 
0.000000 
0.000000 
0.044404 
0.150715 
0.237319 
0.431885 
0.644770 
0.811796 
0.900615 
0.922078 
0.863359 
0.716107 
0.447807 
0.065081 
0.000000 
0.000000 
0.000000 
0.000000 
0.000000 
0.000000 
0.000000 
0.000000 
0.000000 
0.000000 
0.000000 
0.000000 
0.032556 
0.113496 
0.168211 
0.265737 
0.404026 
0.513874 
0.795356 
0.791111 
0.785830 
0.604330 
0.372200 
0.048341 
0.000000 
0.000000 
0.000000 
0.000000 
0.000000 
0.000000 
0.000000 
0.000000 
0.000000 
0.000000 
0.000000 
0.001193 
0.055267 
0.085800 
0.155419 
0.311211 
0.631881 
0.795756 
0.885619 
0.891670 
0.799404 
0.533448 
0.191689 
0.040593 
0.000000 
0.000000 
0.000000 
0.000000 
0.000000 
0.000000 
0.000000 
0.000000 
0.000000 
0.000000 
0.000000 
0.002830 
0.034515 
0.153996 
0.280904 
0.322785 
0.640552 
0.777648 
0.864307 
0.774548 
0.470637 
0.315281 
0.129219 
0.004711 
0.000000 
0.000000 
0.000000 
0.000000 
0.000000 
0.000000 
0.000000 
0.000000 
0.000000 
0.000000 
0.000000 
0.000000 
0.031578 
0.120919 
0.250500 
0.440481 
0.687074 
0.862089 
0.955915 
0.971063 
0.898530 
0.556789 
0.209848 
0.055111 
0.000000 
0.000000 
0.000000 
0.000000 
0.000000 
0.000000 
0.000000 
0.000000 
0.000000 
0.000000 
0.000000 
0.002170 
0.049774 
0.088204 
0.272793 
0.297896 
0.338215 
0.325419 
0.328059 
0.211144 
0.464863 
0.291126 
0.131559 
0.024870 
0.000000 
0.000000 
0.000000 
0.000000 
0.000000 
0.000000 
0.000000 
0.000000 
0.000000 
0.000000 
0.000000 
0.000000 
0.073170 
0.123381 
0.241422 
0.369996 
0.519356 
0.506933 
0.748996 
0.909348 
0.780222 
0.627900 
0.123181 
0.021815 
0.000000 
0.000000 
0.000000 
0.000000 
0.000000 
0.000000 
0.000000 
0.000000 
0.000000 
0.000000 
0.000000 
0.000000 
0.016004 
0.057915 
0.122441 
0.321407 
0.543237 
0.581204 
0.822978 
0.897600 
0.838652 
0.693204 
0.385381 
0.013644 
0.000000 
0.000000 
0.000000 
0.000000 
0.000000 
0.000000 
0.000000 
0.000000 
0.000000 
0.000000 
0.000000 
0.003707 
0.034615 
0.058244 
0.197100 
0.489733 
0.750459 
0.936093 
1.037574 
1.052285 
0.985274 
0.815522 
0.535396 
0.112167 
0.000000 
0.000000 
0.000000 
0.000000 
0.000000 
0.000000 
0.000000 
0.000000 
0.000000 
0.000000 
0.000000 
0.004185 
0.036263 
0.061900 
0.202648 
0.489296 
0.734196 
0.906604 
0.993715 
1.004737 
0.940222 
0.781744 
0.504759 
0.102300 
0.000000 
0.000000 
0.000000 
0.000000 
0.000000 
0.000000 
0.000000 
0.000000 
0.000000 
0.000000 
0.000000 
0.004656 
0.035011 
0.057893 
0.178019 
0.477600 
0.719815 
0.876485 
0.969248 
0.977426 
0.919574 
0.762856 
0.503041 
0.107963 
0.000000 
0.000000 
0.000000 
0.000000 
0.000000 
0.000000 
0.000000 
0.000000 
0.000000 
0.000000 
0.000000 
0.004830 
0.035148 
0.059470 
0.172974 
0.478707 
0.708426 
0.621541 
0.571626 
0.466467 
0.506248 
0.435426 
0.101037 
0.006574 
0.000000 
0.000000 
0.000000 
0.000000 
0.000000 
0.000000 
0.000000 
0.000000 
0.000000 
0.000000 
0.000000 
0.001307 
0.058470 
0.125433 
0.257863 
0.232244 
0.325574 
0.277800 
0.449015 
0.479578 
0.256619 
0.078081 
0.024774 
0.000000 
0.000000 
0.000000 
0.000000 
0.000000 
0.000000 
0.000000 
0.000000 
0.000000 
0.000000 
0.000000 
0.000000 
0.002611 
0.067181 
0.141500 
0.257644 
0.388537 
0.606452 
0.615600 
0.562467 
0.279644 
0.316922 
0.280204 
0.091337 
0.003948 
0.000000 
0.000000 
0.000000 
0.000000 
0.000000 
0.000000 
0.000000 
0.000000 
0.000000 
0.000000 
0.000000 
0.000000 
0.026837 
0.080600 
0.187478 
0.290933 
0.451667 
0.724330 
0.648559 
0.826467 
0.487600 
0.435178 
0.468141 
0.047567 
0.000000 
0.000000 
0.000000 
0.000000 
0.000000 
0.000000 
0.000000 
0.000000 
0.000000 
0.000000 
0.000000 
0.002856 
0.078048 
0.108359 
0.228537 
0.236074 
0.209811 
0.172159 
0.411978 
0.234963 
0.061311 
0.105281 
0.510130 
0.108841 
0.000000 
0.000000 
0.000000 
0.000000 
0.000000 
0.000000 
0.000000 
0.000000 
0.000000 
0.000000 
0.000000 
0.007456 
0.075437 
0.155219 
0.207415 
0.438826 
0.539081 
0.686574 
0.763063 
0.841896 
0.667341 
0.584919 
0.391489 
0.028652 
0.000000 
0.000000 
0.000000 
0.000000 
0.000000 
0.000000 
0.000000 
0.000000 
0.000000 
0.000000 
0.000000 
0.000000 
0.037189 
0.111926 
0.181467 
0.249970 
0.351400 
0.326241 
0.445685 
0.264370 
0.016541 
0.000081 
0.000937 
0.002596 
0.000000 
0.000000 
0.000000 
0.000000 
0.000000 
0.000000 
0.000000 
0.000000 
0.000000 
0.000000 
0.000000 
0.000274 
0.019363 
0.104500 
0.026215 
0.025919 
0.025870 
0.101881 
0.098622 
0.089900 
0.073419 
0.054130 
0.028426 
0.000000 
0.000000 
0.000000 
0.000000 
0.000000 
0.000000 
0.000000 
0.000000 
0.000000 
0.000000 
0.000000 
0.000000 
0.002896 
0.034415 
0.097930 
0.176593 
0.389015 
0.430178 
0.678070 
0.788656 
0.798670 
0.920630 
0.834500 
0.573444 
0.162504 
0.000000 
0.000000 
0.000000 
0.000000 
0.000000 
0.000000 
0.000000 
0.000000 
0.000000 
0.000000 
0.000000 
0.008722 
0.035463 
0.065981 
0.206959 
0.380063 
0.694819 
0.765056 
0.956570 
0.866826 
0.894315 
0.780481 
0.242959 
0.036363 
0.000000 
0.000000 
0.000000 
0.000000 
0.000000 
0.000000 
0.000000 
0.000000 
0.000000 
0.000000 
0.000000 
0.008019 
0.081089 
0.193881 
0.342993 
0.507841 
0.748652 
0.868911 
0.969922 
0.972496 
0.905030 
0.743785 
0.488600 
0.124970 
0.000000 
0.000000 
0.000000 
0.000000 
0.000000 
0.000000 
0.000000 
0.000000 
0.000000 
0.000000 
0.000000 
0.002007 
0.038685 
0.097378 
0.131511 
0.197415 
0.351985 
0.493611 
0.692693 
0.852281 
0.720948 
0.530733 
0.393970 
0.113185 
0.000000 
0.000000 
0.000000 
0.000000 
0.000000 
0.000000 
0.000000 
0.000000 
0.000000 
0.000000 
0.000000 
0.000000 
0.029211 
0.073174 
0.136919 
0.194833 
0.203756 
0.110859 
0.138533 
0.228974 
0.118537 
0.057522 
0.024596 
0.007978 
0.000000 
0.000000 
0.000000 
0.000000 
0.000000 
0.000000 
0.000000 
0.000000 
0.000000 
0.000000 
0.000000 
0.002641 
0.015630 
0.045796 
0.221933 
0.130237 
0.109159 
0.342526 
0.639615 
0.633078 
0.595793 
0.701541 
0.420470 
0.079563 
0.000000 
0.000000 
0.000000 
0.000000 
0.000000 
0.000000 
0.000000 
0.000000 
0.000000 
0.000000 
0.000000 
0.000000 
0.003230 
0.033578 
0.065248 
0.152948 
0.216381 
0.267544 
0.340459 
0.396444 
0.466148 
0.528785 
0.357322 
0.089296 
0.000000 
0.000000 
0.000000 
0.000000 
0.000000 
0.000000 
0.000000 
0.000000 
0.000000 
0.000000 
0.000000 
0.011807 
0.057485 
0.108033 
0.239059 
0.413978 
0.795207 
0.934211 
0.996581 
1.000856 
0.938896 
0.795300 
0.551585 
0.155093 
0.000000 
0.000000 
0.000000 
0.000000 
0.000000 
0.000000 
0.000000 
0.000000 
0.000000 
0.000000 
0.000000 
0.014404 
0.042400 
0.082407 
0.222541 
0.549833 
0.766170 
0.912644 
0.976219 
0.980985 
0.919504 
0.779344 
0.534874 
0.148341 
0.000000 
0.000000 
0.000000 
0.000000 
0.000000 
0.000000 
0.000000 
0.000000 
0.000000 
0.000000 
0.000000 
0.038030 
0.097304 
0.195996 
0.320174 
0.530848 
0.685722 
0.674600 
0.686096 
0.558563 
0.412800 
0.089037 
0.047744 
0.007137 
0.000000 
0.000000 
0.000000 
0.000000 
0.000000 
0.000000 
0.000000 
0.000000 
0.000000 
0.000000 
0.000000 
0.022559 
0.089870 
0.192911 
0.331015 
0.399944 
0.636867 
0.878981 
0.964119 
0.985559 
0.915700 
0.766926 
0.517652 
0.140493 
0.000000 
0.000000 
0.000000 
0.000000 
0.000000 
0.000000 
0.000000 
0.000000 
0.000000 
0.000000 
0.000000 
0.014222 
0.062215 
0.141863 
0.295033 
0.631752 
0.722596 
0.822252 
0.755852 
0.899630 
0.644904 
0.610444 
0.204767 
0.040230 
0.000000 
0.000000 
0.000000 
0.000000 
0.000000 
0.000000 
0.000000 
0.000000 
0.000000 
0.000000 
0.000000 
0.021789 
0.079989 
0.233311 
0.356848 
0.464396 
0.699852 
0.583911 
0.779859 
0.607570 
0.357007 
0.203593 
0.210726 
0.115022 
0.000000 
0.000000 
0.000000 
0.000000 
0.000000 
0.000000 
0.000000 
0.000000 
0.000000 
0.000000 
0.000000 
0.005107 
0.068863 
0.170841 
0.303378 
0.410248 
0.517948 
0.526822 
0.462300 
0.129652 
0.073033 
0.035819 
0.031393 
0.002056 
0.000000 
0.000000 
0.000000 
0.000000 
0.000000 
0.000000 
0.000000 
0.000000 
0.000000 
0.000000 
0.000000 
0.000000 
0.012841 
0.032378 
0.138326 
0.185085 
0.247544 
0.411259 
0.650770 
0.798922 
0.753319 
0.681133 
0.603196 
0.208989 
0.000000 
0.000000 
0.000000 
0.000000 
0.000000 
0.000000 
0.000000 
0.000000 
0.000000 
0.000000 
0.000000 
0.017644 
0.042381 
0.092870 
0.316270 
0.622959 
0.854163 
1.003348 
1.069485 
1.080033 
1.016685 
0.863233 
0.606370 
0.206170 
0.000000 
0.000000 
0.000000 
0.000000 
0.000000 
0.000000 
0.000000 
0.000000 
0.000000 
0.000000 
0.000000 
0.018067 
0.043089 
0.096381 
0.289926 
0.613030 
0.831359 
0.965181 
1.039700 
1.054615 
0.998174 
0.848444 
0.607689 
0.207704 
0.000000 
0.000000 
0.000000 
0.000000 
0.000000 
0.000000 
0.000000 
0.000000 
0.000000 
0.000000 
0.000000 
0.029941 
0.114956 
0.141774 
0.324470 
0.544359 
0.675556 
0.696178 
0.771330 
0.971019 
0.920070 
0.690452 
0.350941 
0.119659 
0.000000 
0.000000 
0.000000 
0.000000 
0.000000 
0.000000 
0.000000 
0.000000 
0.000000 
0.000000 
0.000000 
0.023996 
0.124044 
0.139896 
0.285285 
0.539596 
0.797748 
0.929093 
0.975252 
0.949774 
0.920200 
0.791256 
0.542241 
0.171289 
0.000000 
0.000000 
0.000000 
0.000000 
0.000000 
0.000000 
0.000000 
0.000000 
0.000000 
0.000000 
0.000000 
0.019993 
0.087615 
0.091281 
0.099585 
0.227548 
0.230867 
0.381081 
0.447552 
0.559422 
0.277330 
0.113178 
0.142074 
0.002137 
0.000000 
0.000000 
0.000000 
0.000000 
0.000000 
0.000000 
0.000000 
0.000000 
0.000000 
0.000000 
0.000000 
0.030870 
0.120207 
0.168370 
0.311419 
0.501893 
0.873344 
0.797733 
0.759759 
0.520874 
0.371389 
0.312478 
0.127967 
0.015233 
0.000000 
0.000000 
0.000000 
0.000000 
0.000000 
0.000000 
0.000000 
0.000000 
0.000000 
0.000000 
0.000000 
0.012359 
0.097319 
0.242804 
0.301181 
0.433344 
0.439026 
0.430622 
0.401752 
0.474944 
0.300267 
0.189270 
0.050344 
0.012981 
0.000000 
0.000000 
0.000000 
0.000000 
0.000000 
0.000000 
0.000000 
0.000000 
0.000000 
0.000000 
0.000000 
0.001081 
0.028478 
0.074852 
0.168044 
0.475285 
0.368652 
0.257407 
0.209233 
0.123363 
0.100463 
0.101374 
0.144570 
0.094652 
0.000000 
0.000000 
0.000000 
0.000000 
0.000000 
0.000000 
0.000000 
0.000000 
0.000000 
0.000000 
0.000000 
0.003881 
0.072615 
0.211648 
0.368500 
0.498419 
0.681400 
0.651170 
0.459522 
0.277948 
0.217085 
0.115381 
0.118030 
0.035648 
0.000000 
0.000000 
0.000000 
0.000000 
0.000000 
0.000000 
0.000000 
0.000000 
0.000000 
0.000000 
0.000000 
0.025289 
0.052300 
0.178878 
0.330396 
0.595048 
0.772730 
0.830293 
0.974370 
0.977678 
0.915119 
0.787426 
0.569315 
0.191333 
0.000000 
0.000000 
0.000000 
0.000000 
0.000000 
0.000000 
0.000000 
0.000000 
0.000000 
0.000000 
0.000000 
0.019852 
0.120874 
0.186896 
0.345200 
0.558030 
0.683304 
0.900285 
0.596030 
0.730526 
0.517548 
0.295059 
0.418859 
0.131833 
0.000000 
0.000000 
0.000000 
0.000000 
0.000000 
0.000000 
0.000000 
0.000000 
0.000000 
0.000000 
0.000000 
0.020715 
0.113011 
0.255926 
0.378707 
0.343385 
0.525137 
0.631652 
0.779589 
0.991648 
0.862422 
0.793326 
0.555926 
0.196881 
0.000000 
0.000000 
0.000000 
0.000000 
0.000000 
0.000000 
0.000000 
0.000000 
0.000000 
0.000000 
0.000000 
0.032344 
0.106396 
0.245593 
0.394411 
0.466815 
0.745696 
0.813444 
0.722207 
0.594485 
0.890707 
0.735826 
0.393659 
0.055107 
0.000000 
0.000000 
0.000000 
0.000000 
0.000000 
0.000000 
0.000000 
0.000000 
0.000000 
0.000000 
0.000000 
0.005978 
0.106930 
0.098663 
0.156196 
0.113670 
0.229441 
0.463674 
0.277078 
0.204456 
0.129963 
0.073600 
0.036185 
0.004793 
0.000000 
0.000000 
0.000000 
0.000000 
0.000000 
0.000000 
0.000000 
0.000000 
0.000000 
0.000000 
0.000000 
0.025122 
0.048359 
0.129700 
0.339641 
0.675948 
0.889581 
1.030678 
1.101393 
1.099541 
1.030389 
0.887319 
0.644589 
0.267237 
0.000000 
0.000000 
0.000000 
0.000000 
0.000000 
0.000000 
0.000000 
0.000000 
0.000000 
0.000000 
0.000000 
0.023096 
0.042844 
0.122570 
0.338030 
0.646826 
0.876178 
0.960522 
1.023878 
0.997644 
0.886256 
0.797126 
0.437337 
0.070237 
0.000000 
0.000000 
0.000000 
0.000000 
0.000000 
0.000000 
0.000000 
0.000000 
0.000000 
0.000000 
0.000000 
0.023770 
0.043756 
0.125870 
0.288093 
0.620307 
0.843644 
0.979511 
1.045422 
1.046993 
0.974433 
0.842000 
0.612841 
0.250848 
0.000000 
0.000000 
0.000000 
0.000000 
0.000000 
0.000000 
0.000000 
0.000000 
0.000000 
0.000000 
0.000307 
0.029015 
0.051059 
0.155707 
0.365952 
0.547696 
0.551519 
0.427759 
0.315004 
0.189278 
0.112093 
0.508467 
0.430644 
0.217256 
0.000000 
0.000000 
0.000000 
0.000000 
0.000000 
0.000000 
0.000000 
0.000000 
0.000000 
0.000000 
0.000337 
0.033952 
0.051233 
0.135478 
0.357770 
0.604952 
0.792885 
0.922067 
0.993237 
0.990711 
0.920278 
0.589156 
0.573126 
0.051444 
0.000000 
0.000000 
0.000000 
0.000000 
0.000000 
0.000000 
0.000000 
0.000000 
0.000000 
0.000000 
0.000000 
0.012722 
0.047422 
0.105259 
0.271000 
0.463004 
0.723730 
0.673596 
0.704752 
0.727252 
0.640941 
0.629163 
0.461822 
0.153504 
0.000000 
0.000000 
0.000000 
0.000000 
0.000000 
0.000000 
0.000000 
0.000000 
0.000000 
0.000000 
0.000000 
0.009900 
0.043363 
0.165107 
0.234259 
0.159559 
0.085622 
0.124356 
0.090522 
0.065504 
0.116519 
0.100830 
0.025059 
0.008326 
0.000000 
0.000000 
0.000000 
0.000000 
0.000000 
0.000000 
0.000000 
0.000000 
0.000000 
0.000000 
0.000000 
0.000000 
0.000000 
0.145893 
0.376919 
0.613063 
0.686289 
0.683567 
0.822952 
0.462719 
0.509100 
0.301489 
0.036559 
0.000000 
0.000000 
0.000000 
0.000000 
0.000000 
0.000000 
0.000000 
0.000000 
0.000000 
0.000000 
0.000000 
0.000000 
0.032393 
0.062400 
0.192733 
0.315959 
0.658752 
0.687985 
0.903281 
0.929215 
1.021444 
0.936996 
0.822107 
0.594263 
0.221026 
0.000000 
0.000000 
0.000000 
0.000000 
0.000000 
0.000000 
0.000000 
0.000000 
0.000000 
0.000000 
0.000000 
0.029970 
0.132389 
0.264656 
0.422719 
0.515115 
0.718670 
0.842804 
1.012489 
1.014115 
0.796652 
0.770230 
0.399630 
0.112848 
0.001815 
0.000000 
0.000000 
0.000000 
0.000000 
0.000000 
0.000000 
0.000000 
0.000000 
0.000000 
0.000785 
0.026430 
0.047070 
0.144267 
0.389985 
0.625437 
0.811774 
0.928000 
0.993481 
0.994067 
0.941411 
0.814615 
0.599374 
0.264111 
0.001748 
0.000000 
0.000000 
0.000000 
0.000000 
0.000000 
0.000000 
0.000000 
0.000000 
0.000000 
0.000174 
0.042967 
0.102389 
0.213174 
0.397641 
0.622526 
0.806033 
0.860822 
0.817607 
0.984404 
0.894404 
0.670189 
0.377826 
0.143915 
0.000000 
0.000000 
0.000000 
0.000000 
0.000000 
0.000000 
0.000000 
0.000000 
0.000000 
0.000000 
0.000000 
0.000000 
0.022663 
0.098374 
0.070981 
0.158578 
0.294548 
0.740900 
0.500519 
0.612070 
0.522970 
0.526456 
0.309678 
0.034493 
0.000000 
0.000000 
0.000000 
0.000000 
0.000000 
0.000000 
0.000000 
0.000000 
0.000000 
0.000000 
0.000000 
0.039026 
0.066426 
0.102107 
0.136789 
0.295096 
0.662204 
0.859411 
0.818248 
1.001615 
0.824063 
0.757744 
0.525715 
0.122656 
0.000000 
0.000000 
0.000000 
0.000000 
0.000000 
0.000000 
0.000000 
0.000000 
0.000000 
0.000000 
0.000000 
0.037844 
0.139359 
0.252748 
0.369174 
0.583156 
0.792604 
0.909578 
0.964326 
0.959615 
0.887522 
0.748944 
0.511804 
0.183985 
0.000000 
0.000000 
0.000000 
0.000000 
0.000000 
0.000000 
0.000000 
0.000000 
0.000000 
0.000000 
0.000067 
0.040970 
0.133185 
0.206756 
0.385611 
0.603589 
0.775556 
0.881456 
0.812722 
0.884022 
0.825252 
0.436478 
0.121748 
0.074433 
0.006415 
0.000000 
0.000000 
0.000000 
0.000000 
0.000000 
0.000000 
0.000000 
0.000000 
0.000000 
0.001300 
0.053648 
0.133374 
0.246778 
0.378270 
0.627733 
0.733448 
0.887763 
0.800274 
0.803796 
0.622937 
0.441715 
0.389630 
0.182452 
0.000000 
0.000000 
0.000000 
0.000000 
0.000000 
0.000000 
0.000000 
0.000000 
0.000000 
0.000000 
0.001211 
0.054552 
0.143144 
0.246811 
0.405541 
0.535100 
0.762578 
0.890237 
0.977263 
0.940496 
0.871707 
0.708696 
0.392389 
0.183278 
0.001456 
0.000000 
0.000000 
0.000000 
0.000000 
0.000000 
0.000000 
0.000000 
0.000000 
0.000000 
0.000000 
0.022815 
0.088133 
0.169333 
0.346048 
0.452911 
0.503156 
0.613419 
0.632804 
0.666263 
0.288222 
0.080589 
0.055348 
0.019185 
0.000000 
0.000000 
0.000000 
0.000000 
0.000000 
0.000000 
0.000000 
0.000000 
0.000000 
0.000000 
0.001978 
0.026256 
0.045356 
0.158804 
0.330170 
0.626996 
0.796463 
0.894267 
0.947500 
0.941019 
0.885311 
0.567130 
0.549981 
0.225781 
0.003274 
0.000000 
0.000000 
0.000000 
0.000000 
0.000000 
0.000000 
0.000000 
0.000000 
0.000000 
0.000741 
0.031515 
0.063170 
0.150393 
0.312111 
0.377685 
0.265111 
0.388496 
0.552630 
0.710811 
0.583948 
0.501341 
0.416478 
0.064563 
0.000000 
0.000000 
0.000000 
0.000000 
0.000000 
0.000000 
0.000000 
0.000000 
0.000000 
0.000000 
0.000000 
0.009193 
0.048519 
0.142004 
0.229796 
0.264374 
0.389737 
0.216511 
0.008152 
0.000000 
0.014222 
0.065893 
0.007585 
0.010811 
0.000000 
0.000000 
0.000000 
0.000000 
0.000000 
0.000000 
0.000000 
0.000000 
0.000000 
0.000000 
0.000000 
0.000000 
0.003226 
0.039807 
0.026456 
0.105319 
0.198333 
0.280330 
0.709896 
0.764904 
0.580330 
0.541707 
0.345093 
0.088674 
0.000000 
0.000000 
0.000000 
0.000000 
0.000000 
0.000000 
0.000000 
0.000000 
0.000000 
0.000000 
0.005107 
0.042837 
0.106852 
0.305322 
0.390367 
0.418030 
0.580507 
0.631663 
0.496159 
0.826396 
0.472281 
0.554481 
0.575533 
0.277252 
0.008737 
0.000000 
0.000000 
0.000000 
0.000000 
0.000000 
0.000000 
0.000000 
0.000000 
0.000000 
0.000744 
0.043593 
0.145696 
0.181337 
0.311233 
0.476907 
0.417819 
0.739763 
0.855541 
0.648804 
0.751930 
0.548722 
0.379137 
0.115481 
0.000000 
0.000000 
0.000000 
0.000000 
0.000000 
0.000000 
0.000000 
0.000000 
0.000000 
0.000000 
0.003793 
0.055159 
0.120915 
0.291367 
0.427563 
0.577333 
0.698563 
0.887289 
0.941363 
0.846615 
0.719563 
0.555452 
0.495367 
0.153622 
0.000000 
0.000000 
0.000000 
0.000000 
0.000000 
0.000000 
0.000000 
0.000000 
0.000000 
0.000000 
0.000000 
0.010467 
0.060300 
0.100967 
0.110263 
0.211522 
0.324652 
0.576104 
0.489704 
0.613944 
0.923541 
0.617530 
0.232633 
0.131937 
0.002489 
0.000000 
0.000000 
0.000000 
0.000000 
0.000000 
0.000000 
0.000000 
0.000000 
0.000000 
0.000000 
0.030848 
0.107226 
0.166196 
0.317748 
0.364674 
0.521848 
0.753289 
0.669719 
0.687552 
0.518044 
0.388941 
0.283737 
0.124526 
0.005156 
0.000000 
0.000000 
0.000000 
0.000000 
0.000000 
0.000000 
0.000000 
0.000000 
0.000000 
0.000407 
0.056770 
0.146830 
0.205589 
0.327907 
0.386674 
0.427348 
0.437889 
0.688326 
0.695407 
0.845270 
0.662407 
0.406904 
0.285633 
0.012341 
0.000000 
0.000000 
0.000000 
0.000000 
0.000000 
0.000000 
0.000000 
0.000000 
0.000000 
0.001604 
0.044415 
0.109174 
0.247644 
0.429515 
0.628089 
0.769363 
0.742967 
0.803856 
0.842244 
0.739985 
0.696204 
0.554319 
0.267185 
0.000000 
0.000000 
0.000000 
0.000000 
0.000000 
0.000000 
0.000000 
0.000000 
0.000000 
0.000000 
0.000000 
0.004937 
0.075585 
0.142689 
0.378793 
0.515670 
0.794115 
0.901352 
0.965404 
0.994233 
0.931396 
0.821556 
0.635200 
0.319919 
0.019237 
0.000000 
0.000000 
0.000000 
0.000000 
0.000000 
0.000000 
0.000000 
0.000000 
0.000000 
0.004774 
0.044344 
0.058507 
0.176519 
0.403622 
0.631233 
0.791219 
0.892530 
0.955652 
0.962326 
0.912115 
0.785937 
0.588556 
0.306889 
0.019530 
0.000000 
0.000000 
0.000000 
0.000000 
0.000000 
0.000000 
0.000000 
0.000000 
0.000000 
0.002852 
0.032704 
0.054911 
0.170907 
0.402374 
0.638048 
0.805333 
0.907778 
0.963648 
0.971330 
0.923793 
0.786737 
0.599759 
0.326252 
0.011874 
0.000000 
0.000000 
0.000000 
0.000000 
0.000000 
0.000000 
0.000000 
0.000000 
0.000000 
0.002652 
0.038007 
0.118367 
0.240822 
0.401693 
0.634937 
0.813148 
0.899281 
0.939615 
0.954633 
0.920096 
0.809652 
0.620026 
0.305870 
0.000000 
0.000000 
0.000000 
0.000000 
0.000000 
0.000000 
0.000000 
0.000000 
0.000000 
0.000000 
0.005326 
0.051419 
0.128170 
0.233963 
0.385200 
0.502652 
0.788059 
0.886996 
0.871289 
0.899163 
0.700215 
0.665285 
0.587511 
0.299063 
0.018319 
0.000000 
0.000000 
0.000000 
0.000000 
0.000000 
0.000000 
0.000000 
0.000000 
0.000000 
0.004489 
0.049970 
0.145959 
0.270259 
0.352419 
0.662863 
0.780807 
0.754915 
0.582967 
0.591496 
0.675907 
0.368700 
0.185552 
0.081048 
0.030167 
0.000000 
0.000000 
0.000000 
0.000000 
0.000000 
0.000000 
0.000000 
0.000000 
0.000000 
0.005852 
0.039622 
0.074926 
0.168848 
0.293093 
0.504256 
0.763826 
0.902615 
0.709074 
0.764604 
0.597811 
0.532981 
0.503989 
0.234637 
0.007519 
0.000000 
0.000000 
0.000000 
0.000000 
0.000000 
0.000000 
0.000000 
0.000000 
0.000000 
0.003093 
0.043144 
0.075015 
0.105778 
0.399496 
0.488422 
0.641648 
0.601170 
0.483196 
0.462511 
0.420037 
0.495763 
0.559930 
0.365381 
0.034444 
0.000000 
0.000000 
0.000000 
0.000000 
0.000000 
0.000000 
0.000000 
0.000000 
0.000000 
0.002800 
0.061748 
0.067611 
0.175185 
0.299026 
0.615633 
0.723430 
0.897652 
0.958104 
0.969978 
0.917115 
0.735096 
0.479004 
0.349137 
0.029185 
0.000000 
0.000000 
0.000000 
0.000000 
0.000000 
0.000000 
0.000000 
0.000000 
0.000000 
0.002878 
0.048607 
0.128959 
0.292585 
0.415333 
0.545037 
0.665522 
0.807619 
0.758607 
0.745759 
0.825915 
0.848837 
0.642807 
0.331093 
0.032859 
0.000000 
0.000000 
0.000000 
0.000000 
0.000000 
0.000000 
0.000000 
0.000000 
0.000000 
0.000000 
0.049970 
0.117111 
0.192441 
0.401056 
0.376915 
0.695626 
0.752319 
0.833126 
0.970248 
0.384989 
0.185289 
0.138626 
0.117896 
0.029119 
0.000000 
0.000000 
0.000000 
0.000000 
0.000000 
0.000000 
0.000000 
0.000000 
0.000000 
0.003244 
0.072767 
0.149259 
0.294289 
0.408600 
0.566059 
0.751385 
0.750822 
0.845278 
0.767689 
0.586752 
0.088978 
0.084396 
0.049559 
0.000493 
0.000000 
0.000000 
0.000000 
0.000000 
0.000000 
0.000000 
0.000000 
0.000000 
0.000000 
0.000978 
0.045293 
0.144785 
0.213352 
0.420926 
0.460819 
0.508493 
0.576637 
0.586541 
0.313548 
0.190607 
0.371641 
0.176078 
0.056593 
0.000000 
0.000000 
0.000000 
0.000000 
0.000000 
0.000000 
0.000000 
0.000000 
0.000000 
0.000000 
0.000000 
0.028585 
0.104030 
0.211385 
0.275770 
0.524826 
0.373822 
0.279381 
0.444652 
0.450748 
0.382856 
0.356407 
0.514463 
0.175785 
0.021293 
0.000000 
0.000000 
0.000000 
0.000000 
0.000000 
0.000000 
0.000000 
0.000000 
0.000000 
0.002359 
0.045911 
0.103633 
0.197907 
0.399819 
0.554330 
0.673859 
0.894730 
0.980652 
0.872289 
0.918981 
0.779759 
0.601504 
0.342996 
0.027256 
0.000000 
0.000000 
0.000000 
0.000000 
0.000000 
0.000000 
0.000000 
0.000000 
0.000000 
0.002267 
0.034230 
0.145567 
0.245915 
0.434767 
0.617585 
0.743904 
0.898830 
0.962478 
0.946515 
0.879719 
0.792941 
0.596981 
0.301378 
0.003470 
0.000000 
0.000000 
0.000000 
0.000000 
0.000000 
0.000000 
0.000000 
0.000000 
0.000000 
0.000000 
0.003963 
0.073248 
0.202926 
0.376093 
0.465859 
0.529626 
0.758311 
0.945048 
0.908389 
0.505967 
0.451189 
0.530252 
0.279996 
0.017322 
0.000000 
0.000000 
0.000000 
0.000000 
0.000000 
0.000000 
0.000000 
0.000000 
0.000000 
0.002337 
0.062756 
0.157107 
0.222559 
0.375922 
0.617715 
0.786307 
0.897626 
0.953226 
0.923567 
0.899056 
0.731056 
0.587370 
0.262422 
0.010285 
0.000000 
0.000000 
0.000000 
0.000000 
0.000000 
0.000000 
0.000000 
0.000000 
0.000000 
0.003107 
0.053370 
0.138404 
0.237389 
0.447548 
0.520378 
0.690678 
0.744315 
0.894548 
0.877800 
0.759311 
0.757044 
0.532044 
0.265296 
0.011952 
0.000000 
0.000000 
0.000000 
0.000000 
0.000000 
0.000000 
0.000000 
0.000000 
0.000000 
0.003333 
0.059215 
0.143307 
0.210356 
0.390707 
0.560719 
0.778993 
0.901630 
0.949359 
0.891081 
0.884259 
0.801493 
0.517237 
0.277770 
0.023963 
0.000000 
0.000000 
0.000000 
0.000000 
0.000000 
0.000000 
0.000000 
0.000000 
0.000000 
0.002226 
0.059907 
0.130900 
0.272274 
0.322200 
0.579548 
0.777463 
0.916830 
0.936915 
0.946244 
0.867889 
0.643815 
0.485778 
0.293793 
0.013030 
0.000000 
0.000000 
0.000000 
0.000000 
0.000000 
0.000000 
0.000000 
0.000000 
0.000000 
0.001052 
0.068130 
0.121426 
0.252033 
0.381541 
0.482196 
0.759270 
0.719407 
0.622378 
0.693237 
0.715548 
0.337878 
0.203504 
0.113344 
0.013926 
0.000000 
0.000000 
0.000000 
0.000000 
0.000000 
0.000000 
0.000000 
0.000000 
0.000000 
0.001404 
0.036970 
0.137407 
0.161552 
0.390667 
0.508607 
0.702015 
0.808907 
0.878048 
0.719533 
0.858467 
0.795115 
0.529952 
0.212470 
0.004474 
0.000000 
0.000000 
0.000000 
0.000000 
0.000000 
0.000000 
0.000000 
0.000000 
0.000000 
0.002070 
0.061626 
0.136885 
0.233485 
0.405574 
0.618378 
0.791689 
0.909056 
0.969070 
0.968833 
0.880163 
0.799019 
0.595493 
0.290011 
0.017611 
0.000000 
0.000000 
0.000000 
0.000000 
0.000000 
0.000000 
0.000000 
0.000000 
0.000000 
0.001407 
0.063370 
0.148319 
0.204493 
0.354293 
0.550167 
0.761804 
0.880215 
0.950367 
0.954174 
0.893093 
0.778937 
0.580874 
0.289452 
0.019637 
0.000000 
0.000000 
0.000000 
0.000000 
0.000000 
0.000000 
0.000000 
0.000000 
0.000000 
0.001741 
0.042152 
0.103141 
0.169070 
0.287544 
0.589033 
0.772274 
0.885293 
0.893485 
0.941819 
0.887622 
0.775533 
0.596200 
0.325237 
0.029526 
0.000000 
0.000000 
0.000000 
0.000000 
0.000000 
0.000000 
0.000000 
0.000000 
0.000000 
0.000411 
0.032830 
0.059826 
0.156581 
0.284981 
0.463681 
0.742637 
0.845900 
0.891948 
0.906511 
0.853130 
0.724356 
0.561830 
0.288667 
0.012707 
0.000000 
0.000000 
0.000000 
0.000000 
0.000000 
0.000000 
0.000000 
0.000000 
0.000000 
0.001593 
0.028344 
0.054807 
0.151274 
0.280767 
0.447900 
0.744748 
0.861311 
0.905089 
0.923889 
0.863430 
0.737626 
0.410722 
0.142500 
0.014796 
0.000000 
0.000000 
0.000000 
0.000000 
0.000000 
0.000000 
0.000000 
0.000000 
0.000000 
0.000000 
0.011885 
0.075381 
0.123256 
0.295074 
0.552719 
0.688319 
0.719641 
0.850896 
0.814304 
0.652356 
0.622537 
0.536433 
0.348181 
0.027622 
0.000000 
0.000000 
0.000000 
0.000000 
0.000000 
0.000000 
0.000000 
0.000000 
0.000000 
0.000878 
0.033293 
0.060293 
0.157463 
0.292985 
0.492211 
0.774496 
0.854459 
0.734826 
0.682463 
0.713481 
0.397778 
0.166596 
0.119041 
0.031174 
0.000000 
0.000000 
0.000000 
0.000000 
0.000000 
0.000000 
0.000000 
0.000000 
0.000000 
0.001319 
0.030033 
0.057774 
0.157526 
0.354130 
0.618481 
0.668474 
0.571407 
0.777689 
1.013367 
0.794378 
0.633304 
0.469530 
0.243885 
0.027678 
0.000000 
0.000000 
0.000000 
0.000000 
0.000000 
0.000000 
0.000000 
0.000000 
0.000000 
0.001593 
0.031381 
0.058530 
0.150000 
0.278670 
0.507063 
0.780874 
0.876430 
0.984226 
0.837015 
0.915904 
0.780737 
0.587444 
0.312122 
0.030496 
0.000000 
0.000000 
0.000000 
0.000000 
0.000000 
0.000000 
0.000000 
0.000000 
0.000000 
0.001348 
0.040119 
0.117726 
0.237948 
0.363319 
0.460381 
0.647563 
0.546267 
0.828948 
0.517696 
0.567430 
0.662533 
0.574944 
0.299374 
0.026626 
0.000000 
0.000000 
0.000000 
0.000000 
0.000000 
0.000000 
0.000000 
0.000000 
0.000000 
0.001100 
0.033933 
0.067930 
0.154585 
0.279774 
0.473630 
0.759304 
0.870007 
0.938137 
0.881211 
0.891078 
0.613226 
0.562144 
0.273552 
0.014470 
0.000000 
0.000000 
0.000000 
0.000000 
0.000000 
0.000000 
0.000000 
0.000000 
0.000000 
0.001174 
0.033830 
0.083993 
0.196981 
0.292830 
0.543770 
0.758781 
0.900815 
0.920837 
0.939959 
0.872478 
0.771978 
0.598622 
0.306189 
0.006119 
0.000000 
0.000000 
0.000000 
0.000000 
0.000000 
0.000000 
0.000000 
0.000000 
0.000000 
0.000959 
0.027370 
0.051974 
0.197400 
0.279385 
0.515648 
0.690874 
0.763681 
0.849096 
0.991796 
0.924030 
0.702293 
0.130111 
0.256126 
0.016278 
0.000000 
0.000000 
0.000000 
0.000000 
0.000000 
0.000000 
0.000000 
0.000000 
0.000000 
0.000093 
0.049004 
0.173507 
0.210715 
0.162878 
0.292148 
0.545237 
0.665937 
0.695081 
0.587933 
0.533048 
0.460489 
0.166974 
0.069763 
0.003033 
0.000000 
0.000000 
0.000000 
0.000000 
0.000000 
0.000000 
0.000000 
0.000000 
0.000000 
0.000659 
0.054826 
0.117722 
0.189596 
0.353604 
0.583459 
0.778989 
0.872141 
0.802974 
0.893952 
0.924196 
0.781478 
0.606363 
0.162170 
0.005541 
0.000000 
0.000000 
0.000000 
0.000000 
0.000000 
0.000000 
0.000000 
0.000000 
0.000000 
0.000722 
0.032970 
0.075137 
0.186752 
0.361856 
0.589204 
0.761285 
0.873781 
0.942178 
0.831793 
0.878100 
0.762144 
0.635656 
0.277896 
0.037230 
0.000000 
0.000000 
0.000000 
0.000000 
0.000000 
0.000000 
0.000000 
0.000000 
0.000000 
0.000000 
0.027607 
0.068885 
0.173222 
0.363633 
0.591230 
0.751096 
0.831993 
0.944304 
0.851522 
0.888707 
0.804433 
0.624919 
0.281733 
0.025348 
0.000000 
0.000000 
0.000000 
0.000000 
0.000000 
0.000000 
0.000000 
0.000000 
0.000000 
0.002315 
0.055444 
0.078970 
0.129704 
0.259930 
0.441067 
0.699167 
0.840681 
0.887630 
0.857604 
0.810211 
0.760689 
0.579948 
0.237500 
0.020526 
0.000000 
0.000000 
0.000000 
0.000000 
0.000000 
0.000000 
0.000000 
0.000000 
0.000000 
0.000285 
0.026244 
0.049311 
0.137544 
0.349541 
0.568681 
0.736152 
0.757630 
0.635496 
0.733370 
0.596067 
0.799515 
0.374826 
0.271885 
0.015248 
0.000000 
0.000000 
0.000000 
0.000000 
0.000000 
0.000000 
0.000000 
0.000000 
0.000000 
0.000000 
0.027474 
0.067156 
0.189163 
0.376274 
0.373059 
0.482078 
0.582674 
0.565004 
0.702559 
0.488667 
0.259352 
0.165619 
0.042930 
0.000207 
0.000000 
0.000000 
0.000000 
0.000000 
0.000000 
0.000000 
0.000000 
0.000000 
0.000000 
0.000000 
0.000052 
0.006389 
0.025744 
0.038615 
0.081674 
0.089859 
0.153707 
0.153274 
0.293952 
0.158278 
0.182652 
0.050252 
0.003133 
0.000000 
0.000000 
0.000000 
0.000000 
0.000000 
0.000000 
0.000000 
0.000000 
0.000000 
0.000000 
0.000000 
0.026856 
0.142974 
0.226078 
0.331678 
0.563226 
0.743837 
0.891044 
0.861293 
0.509319 
0.327826 
0.340837 
0.476985 
0.125870 
0.005556 
0.000000 
0.000000 
0.000000 
0.000000 
0.000000 
0.000000 
0.000000 
0.000000 
0.000000 
0.000000 
0.033607 
0.119456 
0.212330 
0.340522 
0.492574 
0.773722 
0.811922 
0.746341 
0.237537 
0.010193 
0.002256 
0.005544 
0.004585 
0.000000 
0.000000 
0.000000 
0.000000 
0.000000 
0.000000 
0.000000 
0.000000 
0.000000 
0.000000 
0.000911 
0.024037 
0.044641 
0.157107 
0.350493 
0.232370 
0.654804 
0.867900 
0.927056 
0.795426 
0.738841 
0.560848 
0.295478 
0.128900 
0.017856 
0.000000 
0.000000 
0.000000 
0.000000 
0.000000 
0.000000 
0.000000 
0.000000 
0.000000 
0.000000 
0.040930 
0.122348 
0.129626 
0.357715 
0.537444 
0.761767 
0.878015 
0.828222 
0.953622 
0.910978 
0.765170 
0.496478 
0.147633 
0.010770 
0.000000 
0.000000 
0.000000 
0.000000 
0.000000 
0.000000 
0.000000 
0.000000 
0.000000 
0.000000 
0.022730 
0.090615 
0.177059 
0.327011 
0.585489 
0.767796 
0.783833 
0.743952 
0.980285 
0.649796 
0.138770 
0.194963 
0.243407 
0.027396 
0.000000 
0.000000 
0.000000 
0.000000 
0.000000 
0.000000 
0.000000 
0.000000 
0.000000 
0.000000 
0.029411 
0.080600 
0.187244 
0.335952 
0.588104 
0.590081 
0.725619 
0.701944 
0.587759 
0.787511 
0.923833 
0.407552 
0.050719 
0.000000 
0.000000 
0.000000 
0.000000 
0.000000 
0.000000 
0.000000 
0.000000 
0.000000 
0.000000 
0.000000 
0.030733 
0.124363 
0.216052 
0.358396 
0.542359 
0.690641 
0.818141 
0.858407 
0.688900 
0.558730 
0.439878 
0.405148 
0.142637 
0.010867 
0.000000 
0.000000 
0.000000 
0.000000 
0.000000 
0.000000 
0.000000 
0.000000 
0.000000 
0.000000 
0.019259 
0.049589 
0.142344 
0.319015 
0.562893 
0.684407 
0.879978 
0.952237 
0.967359 
0.917615 
0.807011 
0.623030 
0.318944 
0.016474 
0.000000 
0.000000 
0.000000 
0.000000 
0.000000 
0.000000 
0.000000 
0.000000 
0.000000 
0.000000 
0.031478 
0.109674 
0.246763 
0.281819 
0.526500 
0.721978 
0.747052 
0.742081 
0.849604 
0.731063 
0.412815 
0.250911 
0.127656 
0.015096 
0.000000 
0.000000 
0.000000 
0.000000 
0.000000 
0.000000 
0.000000 
0.000000 
0.000000 
0.000000 
0.024426 
0.069548 
0.148515 
0.269100 
0.415948 
0.704570 
0.822911 
0.887837 
0.902637 
0.862819 
0.714144 
0.355241 
0.294767 
0.007574 
0.000000 
0.000000 
0.000000 
0.000000 
0.000000 
0.000000 
0.000000 
0.000000 
0.000000 
0.000000 
0.024304 
0.075507 
0.238663 
0.337656 
0.475478 
0.720252 
0.861644 
0.803400 
0.830296 
0.867978 
0.648722 
0.434515 
0.215281 
0.005541 
0.000000 
0.000000 
0.000000 
0.000000 
0.000000 
0.000000 
0.000000 
0.000000 
0.000000 
0.000000 
0.000289 
0.015474 
0.124948 
0.248589 
0.372937 
0.370615 
0.352830 
0.420581 
0.763270 
0.913026 
0.625507 
0.598859 
0.307181 
0.022030 
0.000000 
0.000000 
0.000000 
0.000000 
0.000000 
0.000000 
0.000000 
0.000000 
0.000000 
0.000000 
0.024922 
0.103630 
0.207381 
0.321419 
0.533159 
0.580622 
0.797615 
0.878496 
0.901607 
0.517930 
0.535715 
0.355289 
0.167400 
0.001993 
0.000000 
0.000000 
0.000000 
0.000000 
0.000000 
0.000000 
0.000000 
0.000000 
0.000000 
0.000000 
0.035067 
0.113841 
0.204130 
0.344074 
0.567685 
0.757715 
0.889859 
0.953489 
0.950930 
0.870000 
0.782496 
0.578100 
0.277122 
0.008600 
0.000000 
0.000000 
0.000000 
0.000000 
0.000000 
0.000000 
0.000000 
0.000000 
0.000000 
0.000000 
0.034296 
0.103826 
0.225874 
0.353852 
0.579019 
0.765963 
0.879467 
0.959648 
0.966274 
0.920841 
0.816059 
0.574459 
0.276881 
0.010130 
0.000000 
0.000000 
0.000000 
0.000000 
0.000000 
0.000000 
0.000000 
0.000000 
0.000000 
0.000000 
0.034926 
0.075530 
0.126330 
0.251167 
0.483278 
0.742441 
0.856244 
0.912959 
0.899344 
0.832048 
0.734874 
0.554344 
0.216019 
0.004285 
0.000000 
0.000000 
0.000000 
0.000000 
0.000000 
0.000000 
0.000000 
0.000000 
0.000000 
0.000000 
0.033567 
0.065222 
0.128315 
0.268893 
0.460093 
0.714067 
0.818352 
0.868463 
0.882663 
0.829511 
0.734974 
0.548033 
0.256633 
0.005048 
0.000000 
0.000000 
0.000000 
0.000000 
0.000000 
0.000000 
0.000000 
0.000000 
0.000000 
0.000000 
0.026322 
0.085596 
0.167574 
0.316622 
0.392681 
0.695693 
0.862163 
0.909133 
0.926226 
0.863607 
0.758567 
0.559174 
0.271463 
0.002137 
0.000000 
0.000000 
0.000000 
0.000000 
0.000000 
0.000000 
0.000000 
0.000000 
0.000000 
0.000000 
0.019344 
0.071493 
0.184000 
0.329693 
0.557093 
0.741811 
0.854989 
0.932215 
0.944296 
0.888207 
0.778293 
0.528281 
0.293207 
0.009056 
0.000000 
0.000000 
0.000000 
0.000000 
0.000000 
0.000000 
0.000000 
0.000000 
0.000000 
0.000000 
0.029370 
0.093789 
0.166707 
0.273767 
0.477856 
0.650030 
0.609696 
0.767044 
0.647259 
0.510578 
0.464256 
0.497885 
0.273156 
0.004774 
0.000000 
0.000000 
0.000000 
0.000000 
0.000000 
0.000000 
0.000000 
0.000000 
0.000000 
0.000000 
0.017567 
0.063585 
0.133141 
0.308148 
0.548774 
0.739774 
0.862389 
0.927078 
0.933752 
0.874656 
0.787900 
0.596259 
0.295093 
0.007589 
0.000000 
0.000000 
0.000000 
0.000000 
0.000000 
0.000000 
0.000000 
0.000000 
0.000000 
0.000000 
0.019615 
0.113585 
0.130778 
0.316119 
0.550159 
0.738619 
0.868785 
0.930341 
0.935996 
0.889348 
0.767470 
0.556204 
0.226815 
0.002137 
0.000000 
0.000000 
0.000000 
0.000000 
0.000000 
0.000000 
0.000000 
0.000000 
0.000000 
0.000000 
0.027963 
0.096185 
0.129644 
0.313593 
0.542874 
0.725870 
0.849430 
0.917878 
0.927741 
0.872396 
0.750852 
0.540556 
0.223167 
0.000848 
0.000000 
0.000000 
0.000000 
0.000000 
0.000000 
0.000000 
0.000000 
0.000000 
0.000000 
0.000000 
0.023900 
0.067548 
0.122481 
0.270130 
0.470007 
0.734419 
0.855681 
0.917515 
0.923600 
0.867119 
0.736844 
0.529759 
0.205344 
0.000274 
0.000000 
0.000000 
0.000000 
0.000000 
0.000000 
0.000000 
0.000000 
0.000000 
0.000000 
0.000000 
0.026448 
0.093389 
0.150930 
0.279948 
0.390633 
0.711019 
0.837115 
0.899763 
0.895793 
0.840926 
0.713996 
0.499459 
0.178630 
0.000000 
0.000000 
0.000000 
0.000000 
0.000000 
0.000000 
0.000000 
0.000000 
0.000000 
0.000000 
0.000000 
0.017081 
0.042470 
0.097522 
0.227444 
0.435356 
0.709893 
0.863581 
0.756578 
0.865722 
0.838315 
0.707111 
0.293170 
0.092704 
0.000000 
0.000000 
0.000000 
0.000000 
0.000000 
0.000000 
0.000000 
0.000000 
0.000000 
0.000000 
0.000000 
0.016148 
0.039519 
0.136230 
0.314100 
0.280389 
0.569319 
0.554496 
0.777041 
0.706093 
0.798000 
0.556707 
0.431526 
0.063193 
0.000000 
0.000000 
0.000000 
0.000000 
0.000000 
0.000000 
0.000000 
0.000000 
0.000000 
0.000000 
0.000000 
0.015800 
0.035156 
0.086870 
0.286689 
0.476559 
0.729678 
0.799656 
0.930270 
0.924037 
0.695196 
0.383333 
0.558848 
0.248267 
0.000019 
0.000000 
0.000000 
0.000000 
0.000000 
0.000000 
0.000000 
0.000000 
0.000000 
0.000000 
0.000000 
0.024404 
0.070611 
0.091519 
0.284552 
0.524396 
0.714507 
0.843996 
0.860578 
0.913767 
0.877307 
0.757230 
0.557519 
0.247726 
0.000030 
0.000000 
0.000000 
0.000000 
0.000000 
0.000000 
0.000000 
0.000000 
0.000000 
0.000000 
0.000000 
0.012967 
0.042193 
0.087263 
0.225778 
0.420678 
0.671033 
0.731015 
0.681707 
0.380822 
0.208989 
0.160248 
0.104552 
0.045667 
0.000000 
0.000000 
0.000000 
0.000000 
0.000000 
0.000000 
0.000000 
0.000000 
0.000000 
0.000000 
0.000000 
0.018537 
0.103278 
0.183015 
0.274648 
0.433156 
0.692504 
0.839530 
0.803756 
0.805119 
0.675785 
0.142474 
0.055744 
0.008656 
0.000000 
0.000000 
0.000000 
0.000000 
0.000000 
0.000000 
0.000000 
0.000000 
0.000000 
0.000000 
0.000000 
0.022481 
0.062541 
0.169733 
0.226133 
0.464048 
0.508844 
0.649770 
0.779267 
0.982715 
0.808885 
0.651385 
0.577830 
0.267763 
0.000000 
0.000000 
0.000000 
0.000000 
0.000000 
0.000000 
0.000000 
0.000000 
0.000000 
0.000000 
0.000000 
0.017407 
0.052433 
0.104033 
0.229915 
0.481215 
0.729193 
0.864441 
0.928800 
0.941530 
0.905363 
0.772393 
0.542200 
0.226856 
0.000000 
0.000000 
0.000000 
0.000000 
0.000000 
0.000000 
0.000000 
0.000000 
0.000000 
0.000000 
0.000000 
0.016956 
0.050348 
0.107215 
0.229607 
0.393822 
0.675281 
0.834470 
0.882407 
0.927026 
0.849489 
0.700274 
0.457700 
0.132037 
0.000000 
0.000000 
0.000000 
0.000000 
0.000000 
0.000000 
0.000000 
0.000000 
0.000000 
0.000000 
0.000000 
0.018489 
0.055148 
0.108652 
0.231196 
0.406400 
0.664496 
0.706281 
0.660519 
0.727374 
0.855970 
0.672963 
0.462304 
0.157422 
0.000000 
0.000000 
0.000000 
0.000000 
0.000000 
0.000000 
0.000000 
0.000000 
0.000000 
0.000000 
0.000000 
0.015552 
0.051941 
0.105244 
0.237756 
0.438989 
0.486322 
0.669381 
0.807267 
0.938637 
0.774033 
0.317389 
0.398470 
0.090089 
0.000000 
0.000000 
0.000000 
0.000000 
0.000000 
0.000000 
0.000000 
0.000000 
0.000000 
0.000000 
0.000000 
0.007344 
0.063448 
0.152856 
0.243096 
0.537193 
0.633559 
0.846659 
0.879141 
0.904056 
0.811363 
0.230356 
0.408089 
0.061593 
0.000000 
0.000000 
0.000000 
0.000000 
0.000000 
0.000000 
0.000000 
0.000000 
0.000000 
0.000000 
0.000000 
0.037433 
0.083956 
0.164456 
0.205589 
0.496537 
0.690685 
0.826222 
0.855689 
0.667274 
0.648956 
0.380019 
0.451456 
0.165730 
0.000000 
0.000000 
0.000000 
0.000000 
0.000000 
0.000000 
0.000000 
0.000000 
0.000000 
0.000000 
0.000000 
0.013763 
0.040985 
0.083104 
0.208437 
0.483270 
0.706411 
0.825648 
0.761800 
0.671144 
0.868037 
0.666815 
0.499226 
0.178681 
0.000000 
0.000000 
0.000000 
0.000000 
0.000000 
0.000000 
0.000000 
0.000000 
0.000000 
0.000000 
0.000000 
0.017141 
0.059052 
0.100970 
0.233670 
0.331111 
0.596463 
0.382800 
0.447674 
0.424300 
0.587878 
0.575289 
0.345352 
0.110167 
0.000000 
0.000000 
0.000000 
0.000000 
0.000000 
0.000000 
0.000000 
0.000000 
0.000000 
0.000000 
0.000000 
0.013100 
0.067444 
0.144274 
0.207604 
0.483807 
0.665904 
0.689211 
0.644407 
0.545152 
0.669385 
0.462804 
0.399659 
0.192463 
0.000000 
0.000000 
0.000000 
0.000000 
0.000000 
0.000000 
0.000000 
0.000000 
0.000000 
0.000000 
0.000000 
0.016644 
0.090059 
0.183489 
0.306644 
0.351541 
0.545570 
0.483563 
0.465867 
0.357378 
0.382530 
0.330678 
0.168563 
0.030667 
0.000000 
0.000000 
0.000000 
0.000000 
0.000000 
0.000000 
0.000000 
0.000000 
0.000000 
0.000000 
0.000000 
0.003548 
0.041315 
0.109059 
0.193615 
0.434989 
0.455696 
0.429970 
0.581896 
0.328789 
0.230944 
0.190137 
0.107267 
0.025081 
0.000000 
0.000000 
0.000000 
0.000000 
0.000000 
0.000000 
0.000000 
0.000000 
0.000000 
0.000000 
0.000000 
0.017078 
0.056030 
0.152267 
0.298681 
0.473763 
0.570630 
0.714600 
0.780278 
0.928119 
0.765300 
0.701348 
0.473096 
0.125152 
0.000000 
0.000000 
0.000000 
0.000000 
0.000000 
0.000000 
0.000000 
0.000000 
0.000000 
0.000000 
0.000000 
0.015374 
0.068607 
0.101344 
0.233859 
0.389970 
0.633615 
0.593622 
0.835556 
0.800789 
0.549470 
0.356367 
0.361944 
0.091267 
0.000000 
0.000000 
0.000000 
0.000000 
0.000000 
0.000000 
0.000000 
0.000000 
0.000000 
0.000000 
0.000000 
0.015152 
0.054330 
0.103789 
0.221096 
0.330207 
0.602174 
0.777074 
0.795011 
0.800500 
0.823656 
0.479226 
0.174767 
0.082822 
0.000000 
0.000000 
0.000000 
0.000000 
0.000000 
0.000000 
0.000000 
0.000000 
0.000000 
0.000000 
0.000000 
0.013041 
0.050311 
0.096748 
0.212478 
0.337726 
0.638789 
0.811404 
0.889989 
0.897426 
0.843278 
0.650948 
0.368522 
0.081056 
0.000000 
0.000000 
0.000000 
0.000000 
0.000000 
0.000000 
0.000000 
0.000000 
0.000000 
0.000000 
0.000000 
0.012278 
0.050963 
0.098370 
0.218830 
0.333152 
0.629952 
0.797293 
0.853278 
0.811107 
0.793056 
0.519644 
0.332630 
0.048344 
0.000000 
0.000000 
0.000000 
0.000000 
0.000000 
0.000000 
0.000000 
0.000000 
0.000000 
0.000000 
0.000000 
0.014070 
0.067052 
0.089674 
0.194715 
0.323756 
0.671026 
0.855596 
0.793804 
0.860600 
0.720915 
0.485144 
0.208204 
0.006744 
0.000000 
0.000000 
0.000000 
0.000000 
0.000000 
0.000000 
0.000000 
0.000000 
0.000000 
0.000000 
0.000000 
0.009085 
0.045137 
0.124644 
0.232456 
0.471481 
0.602978 
0.651911 
0.850156 
0.872211 
0.809456 
0.264978 
0.210144 
0.091307 
0.000000 
0.000000 
0.000000 
0.000000 
0.000000 
0.000000 
0.000000 
0.000000 
0.000000 
0.000000 
0.000000 
0.016241 
0.079381 
0.097852 
0.206500 
0.331011 
0.540130 
0.667700 
0.569348 
0.475770 
0.601556 
0.528426 
0.396667 
0.041596 
0.000000 
0.000000 
0.000000 
0.000000 
0.000000 
0.000000 
0.000000 
0.000000 
0.000000 
0.000000 
0.000000 
0.011300 
0.049659 
0.085507 
0.202174 
0.328122 
0.636256 
0.769078 
0.698933 
0.630085 
0.653496 
0.598478 
0.351296 
0.043937 
0.000000 
0.000000 
0.000000 
0.000000 
0.000000 
0.000000 
0.000000 
0.000000 
0.000000 
0.000000 
0.000000 
0.010867 
0.044659 
0.080719 
0.208078 
0.361763 
0.529237 
0.695589 
0.512830 
0.702807 
0.688881 
0.426833 
0.316915 
0.063296 
0.000000 
0.000000 
0.000000 
0.000000 
0.000000 
0.000000 
0.000000 
0.000000 
0.000000 
0.000000 
0.000000 
0.009448 
0.039389 
0.086959 
0.241381 
0.407174 
0.741263 
0.829563 
0.926478 
0.693156 
0.568489 
0.110215 
0.045226 
0.077296 
0.000000 
0.000000 
0.000000 
0.000000 
0.000000 
0.000000 
0.000000 
0.000000 
0.000000 
0.000000 
0.000000 
0.009481 
0.100207 
0.202993 
0.266904 
0.415419 
0.515737 
0.742700 
0.815759 
0.260556 
0.330244 
0.403474 
0.231222 
0.014411 
0.000000 
0.000000 
0.000000 
0.000000 
0.000000 
0.000000 
0.000000 
0.000000 
0.000000 
0.000000 
0.000000 
0.008263 
0.032141 
0.108841 
0.240830 
0.363633 
0.618633 
0.527270 
0.613519 
0.505289 
0.304800 
0.023185 
0.044748 
0.012656 
0.000000 
0.000000 
0.000000 
0.000000 
0.000000 
0.000000 
0.000000 
0.000000 
0.000000 
0.000000 
0.000000 
0.009615 
0.088111 
0.194381 
0.296144 
0.456759 
0.488867 
0.729596 
0.735967 
0.750285 
0.276437 
0.113404 
0.086696 
0.005833 
0.000000 
0.000000 
0.000000 
0.000000 
0.000000 
0.000000 
0.000000 
0.000000 
0.000000 
0.000000 
0.000000 
0.011370 
0.052770 
0.152159 
0.237326 
0.421663 
0.763537 
0.698248 
0.641333 
0.917007 
0.771700 
0.634648 
0.358544 
0.046485 
0.000000 
0.000000 
0.000000 
0.000000 
0.000000 
0.000000 
0.000000 
0.000000 
0.000000 
0.000000 
0.000000 
0.009367 
0.043804 
0.074426 
0.230630 
0.460493 
0.580522 
0.750848 
0.698296 
0.885196 
0.405374 
0.563585 
0.299830 
0.009322 
0.000000 
0.000000 
0.000000 
0.000000 
0.000000 
0.000000 
0.000000 
0.000000 
0.000000 
0.000000 
0.000000 
0.008944 
0.041341 
0.078900 
0.189574 
0.386974 
0.658626 
0.638670 
0.771252 
0.845256 
0.707448 
0.620004 
0.339719 
0.041081 
0.000000 
0.000000 
0.000000 
0.000000 
0.000000 
0.000000 
0.000000 
0.000000 
0.000000 
0.000000 
0.000000 
0.009607 
0.057867 
0.103478 
0.218333 
0.398130 
0.649241 
0.783685 
0.715656 
0.625519 
0.706215 
0.499411 
0.224367 
0.026974 
0.000000 
0.000000 
0.000000 
0.000000 
0.000000 
0.000000 
0.000000 
0.000000 
0.000000 
0.000000 
0.000000 
0.014078 
0.082481 
0.160667 
0.282878 
0.393148 
0.570967 
0.682522 
0.657748 
0.442996 
0.724841 
0.543419 
0.129996 
0.010937 
0.000000 
0.000000 
0.000000 
0.000000 
0.000000 
0.000000 
0.000000 
0.000000 
0.000000 
0.000000 
0.000000 
0.008837 
0.080574 
0.179567 
0.277241 
0.387789 
0.517904 
0.597870 
0.587774 
0.495289 
0.079567 
0.138563 
0.104763 
0.010274 
0.000000 
0.000000 
0.000000 
0.000000 
0.000000 
0.000000 
0.000000 
0.000000 
0.000000 
0.000000 
0.000000 
0.011937 
0.099319 
0.169785 
0.284696 
0.338407 
0.624678 
0.649752 
0.499193 
0.387456 
0.320730 
0.244133 
0.104111 
0.005652 
0.000000 
0.000000 
0.000000 
0.000000 
0.000000 
0.000000 
0.000000 
0.000000 
0.000000 
0.000000 
0.000000 
0.018063 
0.092863 
0.198426 
0.331344 
0.384200 
0.550815 
0.665637 
0.748419 
0.830426 
0.645122 
0.622741 
0.405641 
0.029293 
0.000000 
0.000000 
0.000000 
0.000000 
0.000000 
0.000000 
0.000000 
0.000000 
0.000000 
0.000000 
0.000000 
0.006474 
0.071985 
0.155774 
0.235270 
0.326189 
0.488089 
0.491337 
0.428867 
0.720393 
0.520589 
0.377059 
0.029667 
0.000704 
0.000000 
0.000000 
0.000000 
0.000000 
0.000000 
0.000000 
0.000000 
0.000000 
0.000000 
0.000000 
0.000000 
0.000000 
0.049293 
0.114922 
0.077478 
0.133033 
0.090763 
0.001207 
0.024978 
0.045315 
0.053074 
0.039893 
0.026085 
0.000000 
0.000000 
0.000000 
0.000000 
0.000000 
0.000000 
0.000000 
0.000000 
0.000000 
0.000000 
0.000000 
0.000000 
0.004726 
0.057444 
0.145159 
0.254711 
0.321370 
0.475019 
0.811052 
0.914622 
0.921322 
0.846363 
0.691204 
0.422130 
0.036048 
0.000000 
0.000000 
0.000000 
0.000000 
0.000000 
0.000000 
0.000000 
0.000000 
0.000000 
0.000000 
0.000000 
0.006419 
0.029704 
0.049800 
0.170744 
0.451485 
0.706167 
0.847756 
0.915781 
0.913326 
0.839089 
0.681374 
0.405552 
0.031104 
0.000000 
0.000000 
0.000000 
0.000000 
0.000000 
0.000000 
0.000000 
0.000000 
0.000000 
0.000000 
0.000000 
0.006181 
0.029396 
0.049248 
0.166463 
0.436496 
0.674052 
0.803241 
0.874481 
0.882137 
0.802244 
0.643019 
0.376085 
0.025852 
0.000000 
0.000000 
0.000000 
0.000000 
0.000000 
0.000000 
0.000000 
0.000000 
0.000000 
0.000000 
0.000000 
0.006170 
0.031567 
0.052422 
0.163181 
0.365363 
0.649678 
0.784367 
0.856111 
0.850893 
0.772348 
0.613233 
0.338078 
0.017926 
0.000000 
0.000000 
0.000000 
0.000000 
0.000000 
0.000000 
0.000000 
0.000000 
0.000000 
0.000000 
0.000000 
0.006133 
0.033889 
0.056678 
0.161096 
0.361304 
0.641237 
0.770137 
0.833130 
0.830796 
0.752348 
0.576256 
0.291315 
0.009170 
0.000000 
0.000000 
0.000000 
0.000000 
0.000000 
0.000000 
0.000000 
0.000000 
0.000000 
0.000000 
0.000000 
0.006304 
0.033833 
0.058207 
0.164378 
0.359893 
0.664063 
0.801896 
0.864185 
0.817589 
0.698719 
0.560115 
0.289374 
0.005096 
0.000000 
0.000000 
0.000000 
0.000000 
0.000000 
0.000000 
0.000000 
0.000000 
0.000000 
0.000000 
0.000000 
0.004648 
0.105633 
0.149296 
0.280156 
0.351278 
0.452278 
0.336081 
0.542456 
0.429374 
0.073644 
0.126681 
0.156552 
0.022644 
0.000000 
0.000000 
0.000000 
0.000000 
0.000000 
0.000000 
0.000000 
0.000000 
0.000000 
0.000000 
0.000000 
0.000248 
0.105978 
0.167596 
0.298348 
0.219948 
0.363278 
0.706952 
0.702367 
0.580337 
0.277548 
0.128159 
0.074741 
0.000000 
0.000000 
0.000000 
0.000000 
0.000000 
0.000000 
0.000000 
0.000000 
0.000000 
0.000000 
0.000000 
0.000000 
0.000000 
0.028548 
0.101196 
0.271781 
0.318170 
0.224830 
0.274819 
0.250656 
0.185863 
0.436722 
0.281600 
0.217830 
0.004496 
0.000000 
0.000000 
0.000000 
0.000000 
0.000000 
0.000000 
0.000000 
0.000000 
0.000000 
0.000000 
0.000000 
0.004737 
0.028319 
0.045326 
0.170689 
0.446493 
0.656785 
0.785844 
0.839619 
0.834756 
0.754456 
0.600959 
0.315911 
0.003541 
0.000000 
0.000000 
0.000000 
0.000000 
0.000000 
0.000000 
0.000000 
0.000000 
0.000000 
0.000000 
0.000000 
0.000411 
0.046233 
0.161315 
0.292700 
0.391215 
0.631537 
0.758011 
0.631748 
0.644941 
0.767081 
0.576363 
0.270559 
0.001037 
0.000000 
0.000000 
0.000000 
0.000000 
0.000000 
0.000000 
0.000000 
0.000000 
0.000000 
0.000000 
0.000000 
0.003496 
0.027304 
0.094522 
0.250604 
0.372915 
0.438641 
0.615007 
0.759889 
0.748663 
0.594456 
0.402315 
0.282830 
0.001041 
0.000000 
0.000000 
0.000000 
0.000000 
0.000000 
0.000000 
0.000000 
0.000000 
0.000000 
0.000000 
0.000000 
0.003278 
0.081989 
0.140015 
0.235089 
0.503707 
0.576104 
0.716689 
0.811300 
0.727030 
0.673559 
0.581830 
0.280326 
0.000811 
0.000000 
0.000000 
0.000000 
0.000000 
0.000000 
0.000000 
0.000000 
0.000000 
0.000000 
0.000000 
0.000000 
0.003885 
0.081670 
0.177089 
0.221800 
0.404259 
0.683696 
0.674352 
0.685622 
0.747652 
0.749933 
0.536289 
0.242396 
0.000000 
0.000000 
0.000000 
0.000000 
0.000000 
0.000000 
0.000000 
0.000000 
0.000000 
0.000000 
0.000000 
0.000000 
0.001322 
0.069030 
0.136685 
0.195411 
0.336622 
0.601100 
0.812641 
0.806207 
0.650363 
0.566937 
0.569715 
0.197704 
0.000000 
0.000000 
0.000000 
0.000000 
0.000000 
0.000000 
0.000000 
0.000000 
0.000000 
0.000000 
0.000000 
0.000000 
0.000967 
0.029989 
0.048244 
0.149007 
0.435400 
0.679963 
0.827419 
0.893656 
0.889137 
0.802848 
0.616615 
0.287644 
0.000000 
0.000000 
0.000000 
0.000000 
0.000000 
0.000000 
0.000000 
0.000000 
0.000000 
0.000000 
0.000000 
0.000000 
0.003722 
0.027993 
0.043804 
0.141681 
0.396352 
0.645448 
0.778733 
0.845819 
0.834878 
0.746589 
0.569496 
0.258107 
0.000000 
0.000000 
0.000000 
0.000000 
0.000000 
0.000000 
0.000000 
0.000000 
0.000000 
0.000000 
0.000000 
0.000000 
0.003741 
0.028759 
0.045456 
0.139185 
0.368441 
0.635663 
0.776093 
0.841626 
0.831548 
0.741067 
0.558915 
0.195359 
0.000000 
0.000000 
0.000000 
0.000000 
0.000000 
0.000000 
0.000000 
0.000000 
0.000000 
0.000000 
0.000000 
0.000000 
0.003552 
0.029267 
0.046841 
0.140544 
0.373604 
0.569859 
0.779552 
0.842726 
0.833952 
0.736759 
0.554863 
0.232289 
0.000000 
0.000000 
0.000000 
0.000000 
0.000000 
0.000000 
0.000000 
0.000000 
0.000000 
0.000000 
0.000000 
0.000000 
0.006567 
0.050996 
0.135752 
0.260281 
0.292767 
0.507181 
0.659219 
0.724085 
0.619204 
0.762007 
0.430667 
0.221819 
0.000000 
0.000000 
0.000000 
0.000000 
0.000000 
0.000000 
0.000000 
0.000000 
0.000000 
0.000000 
0.000000 
0.000000 
0.000511 
0.039204 
0.090867 
0.159178 
0.089270 
0.459733 
0.507944 
0.619126 
0.539674 
0.473778 
0.187896 
0.065352 
0.000000 
0.000000 
0.000000 
0.000000 
0.000000 
0.000000 
0.000000 
0.000000 
0.000000 
0.000000 
0.000000 
0.000000 
0.002641 
0.043574 
0.165389 
0.222167 
0.353189 
0.381252 
0.564122 
0.715841 
0.745359 
0.632926 
0.412741 
0.136433 
0.000000 
0.000000 
0.000000 
0.000000 
0.000000 
0.000000 
0.000000 
0.000000 
0.000000 
0.000000 
0.000000 
0.000000 
0.000000 
0.002933 
0.043648 
0.096089 
0.193281 
0.103904 
0.323922 
0.378281 
0.136974 
0.048563 
0.026730 
0.001911 
0.000000 
0.000000 
0.000000 
0.000000 
0.000000 
0.000000 
0.000000 
0.000000 
0.000000 
0.000000 
0.000000 
0.000000 
0.000000 
0.017556 
0.071096 
0.149407 
0.232870 
0.285119 
0.167793 
0.161159 
0.192085 
0.269393 
0.205893 
0.027622 
0.000000 
0.000000 
0.000000 
0.000000 
0.000000 
0.000000 
0.000000 
0.000000 
0.000000 
0.000000 
0.000000 
0.000000 
0.003256 
0.067330 
0.126419 
0.231770 
0.379541 
0.266556 
0.407985 
0.620748 
0.624585 
0.428037 
0.369030 
0.039789 
0.000000 
0.000000 
0.000000 
0.000000 
0.000000 
0.000000 
0.000000 
0.000000 
0.000000 
0.000000 
0.000000 
0.000000 
0.000000 
0.017478 
0.055119 
0.125663 
0.162774 
0.132200 
0.188230 
0.147856 
0.136637 
0.114759 
0.058996 
0.012944 
0.000000 
0.000000 
0.000000 
0.000000 
0.000000 
0.000000 
0.000000 
0.000000 
0.000000 
0.000000 
0.000000 
0.000000 
0.001330 
0.053437 
0.090111 
0.163963 
0.367200 
0.640133 
0.762519 
0.748163 
0.820578 
0.713185 
0.529196 
0.178985 
0.000000 
0.000000 
0.000000 
0.000000 
0.000000 
0.000000 
0.000000 
0.000000 
0.000000 
0.000000 
0.000000 
0.000000 
0.000993 
0.035470 
0.084844 
0.138426 
0.203026 
0.444181 
0.430237 
0.278663 
0.149393 
0.086944 
0.027559 
0.002874 
0.000000 
0.000000 
0.000000 
0.000000 
0.000000 
0.000000 
0.000000 
0.000000 
0.000000 
0.000000 
0.000000 
0.000000 
0.001752 
0.032307 
0.042981 
0.124419 
0.389863 
0.645733 
0.801019 
0.867530 
0.851226 
0.741489 
0.536837 
0.176219 
0.000000 
0.000000 
0.000000 
0.000000 
0.000000 
0.000000 
0.000000 
0.000000 
0.000000 
0.000000 
0.000000 
0.000000 
0.001619 
0.028378 
0.046967 
0.124507 
0.351311 
0.612430 
0.761311 
0.829552 
0.812122 
0.711319 
0.496381 
0.154700 
0.000000 
0.000000 
0.000000 
0.000000 
0.000000 
0.000000 
0.000000 
0.000000 
0.000000 
0.000000 
0.000000 
0.000000 
0.000900 
0.049304 
0.146248 
0.186226 
0.296411 
0.424696 
0.565796 
0.730081 
0.664011 
0.387181 
0.224422 
0.052359 
0.000000 
0.000000 
0.000000 
0.000000 
0.000000 
0.000000 
0.000000 
0.000000 
0.000000 
0.000000 
0.000000 
0.000000 
0.000978 
0.026422 
0.041711 
0.116374 
0.278722 
0.614230 
0.762026 
0.826870 
0.809815 
0.702244 
0.500067 
0.151307 
0.000000 
0.000000 
0.000000 
0.000000 
0.000000 
0.000000 
0.000000 
0.000000 
0.000000 
0.000000 
0.000000 
0.000000 
0.000870 
0.024185 
0.038856 
0.110304 
0.318100 
0.578837 
0.722185 
0.793556 
0.782630 
0.682156 
0.482630 
0.137000 
0.000000 
0.000000 
0.000000 
0.000000 
0.000000 
0.000000 
0.000000 
0.000000 
0.000000 
0.000000 
0.000000 
0.000000 
0.000904 
0.026233 
0.041507 
0.120585 
0.361689 
0.574289 
0.717985 
0.777759 
0.762196 
0.659915 
0.464715 
0.125396 
0.000000 
0.000000 
0.000000 
0.000000 
0.000000 
0.000000 
0.000000 
0.000000 
0.000000 
0.000000 
0.000000 
0.000000 
0.000681 
0.025889 
0.041470 
0.107263 
0.308241 
0.537067 
0.659037 
0.480289 
0.512778 
0.389589 
0.153996 
0.015289 
0.000000 
0.000000 
0.000000 
0.000000 
0.000000 
0.000000 
0.000000 
0.000000 
0.000000 
0.000000 
0.000000 
0.000000 
0.000000 
0.041730 
0.136256 
0.223596 
0.362496 
0.312389 
0.518056 
0.594770 
0.399667 
0.312533 
0.216567 
0.037467 
0.000000 
0.000000 
0.000000 
0.000000 
0.000000 
0.000000 
0.000000 
0.000000 
0.000000 
0.000000 
0.000000 
0.000000 
0.000000 
0.012989 
0.068274 
0.157715 
0.227226 
0.232537 
0.319467 
0.406563 
0.483915 
0.317119 
0.148663 
0.018341 
0.000000 
0.000000 
0.000000 
0.000000 
0.000000 
0.000000 
0.000000 
0.000000 
0.000000 
0.000000 
0.000000 
0.000000 
0.000000 
0.014633 
0.081770 
0.133578 
0.222493 
0.368870 
0.562844 
0.570319 
0.461922 
0.367152 
0.262863 
0.071433 
0.000000 
0.000000 
0.000000 
0.000000 
0.000000 
0.000000 
0.000000 
0.000000 
0.000000 
0.000000 
0.000000 
0.000000 
0.000000 
0.025807 
0.137181 
0.176052 
0.317885 
0.348600 
0.418670 
0.442174 
0.350393 
0.253859 
0.138078 
0.019548 
0.000000 
0.000000 
0.000000 
0.000000 
0.000000 
0.000000 
0.000000 
0.000000 
0.000000 
0.000000 
0.000000 
0.000000 
0.000000 
0.000000 
0.077922 
0.177356 
0.251178 
0.221226 
0.281189 
0.204752 
0.434511 
0.387993 
0.202363 
0.001952 
0.000000 
0.000000 
0.000000 
0.000000 
0.000000 
0.000000 
0.000000 
0.000000 
0.000000 
0.000000 
0.000000 
0.000000 
0.000000 
0.038848 
0.119252 
0.117300 
0.306604 
0.551759 
0.713596 
0.787589 
0.795730 
0.691393 
0.435500 
0.100844 
0.000000 
0.000000 
0.000000 
0.000000 
0.000000 
0.000000 
0.000000 
0.000000 
0.000000 
0.000000 
0.000000 
0.000000 
0.000000 
0.021881 
0.037459 
0.092804 
0.303644 
0.542289 
0.681685 
0.756341 
0.749030 
0.656930 
0.445104 
0.092048 
0.000000 
0.000000 
0.000000 
0.000000 
0.000000 
0.000000 
0.000000 
0.000000 
0.000000 
0.000000 
0.000000 
0.000000 
0.000000 
0.021719 
0.037707 
0.092770 
0.304544 
0.559944 
0.712893 
0.784830 
0.769219 
0.660593 
0.445178 
0.088893 
0.000000 
0.000000 
0.000000 
0.000000 
0.000000 
0.000000 
0.000000 
0.000000 
0.000000 
0.000000 
0.000000 
0.000000 
0.000000 
0.021637 
0.037189 
0.090737 
0.310796 
0.558893 
0.696596 
0.772048 
0.596478 
0.566519 
0.255863 
0.008000 
0.000000 
0.000000 
0.000000 
0.000000 
0.000000 
0.000000 
0.000000 
0.000000 
0.000000 
0.000000 
0.000000 
0.000000 
0.000000 
0.002963 
0.030711 
0.082319 
0.217593 
0.217759 
0.164670 
0.109248 
0.078407 
0.075089 
0.018841 
0.000000 
0.000000 
0.000000 
0.000000 
0.000000 
0.000000 
0.000000 
0.000000 
0.000000 
0.000000 
0.000000 
0.000000 
0.000000 
0.000000 
0.049581 
0.130926 
0.185770 
0.253774 
0.324241 
0.436500 
0.443763 
0.473233 
0.157144 
0.029507 
0.007726 
0.000000 
0.000000 
0.000000 
0.000000 
0.000000 
0.000000 
0.000000 
0.000000 
0.000000 
0.000000 
0.000000 
0.000000 
0.000000 
0.022356 
0.087611 
0.101278 
0.115333 
0.112085 
0.321474 
0.538996 
0.418370 
0.537115 
0.351289 
0.064685 
0.000000 
0.000000 
0.000000 
0.000000 
0.000000 
0.000000 
0.000000 
0.000000 
0.000000 
0.000000 
0.000000 
0.000000 
0.000000 
0.021167 
0.050170 
0.082693 
0.229581 
0.297293 
0.482811 
0.425411 
0.378644 
0.194563 
0.096867 
0.008663 
0.000000 
0.000000 
0.000000 
0.000000 
0.000000 
0.000000 
0.000000 
0.000000 
0.000000 
0.000000 
0.000000 
0.000000 
0.000000 
0.036611 
0.115074 
0.247900 
0.319037 
0.490630 
0.625389 
0.568904 
0.365144 
0.377626 
0.133178 
0.000000 
0.000000 
0.000000 
0.000000 
0.000000 
0.000000 
0.000000 
0.000000 
0.000000 
0.000000 
0.000000 
0.000000 
0.000000 
0.000000 
0.010644 
0.045826 
0.095926 
0.228981 
0.438396 
0.589411 
0.543778 
0.473856 
0.228959 
0.031585 
0.000000 
0.000000 
0.000000 
0.000000 
0.000000 
0.000000 
0.000000 
0.000000 
0.000000 
0.000000 
0.000000 
0.000000 
0.000000 
0.000000 
0.010004 
0.066004 
0.142404 
0.208585 
0.290622 
0.381752 
0.529722 
0.362933 
0.186644 
0.067496 
0.002511 
0.000000 
0.000000 
0.000000 
0.000000 
0.000000 
0.000000 
0.000000 
0.000000 
0.000000 
0.000000 
0.000000 
0.000000 
0.000000 
0.024741 
0.086393 
0.155322 
0.232270 
0.487096 
0.624800 
0.686359 
0.662604 
0.515081 
0.323385 
0.042181 
0.000000 
0.000000 
0.000000 
0.000000 
0.000000 
0.000000 
0.000000 
0.000000 
0.000000 
0.000000 
0.000000 
0.000000 
0.000000 
0.029989 
0.074500 
0.070059 
0.115333 
0.169174 
0.239022 
0.356626 
0.435156 
0.597015 
0.311581 
0.020796 
0.000000 
0.000000 
0.000000 
0.000000 
0.000000 
0.000000 
0.000000 
0.000000 
0.000000 
0.000000 
0.000000 
0.000000 
0.000000 
0.018500 
0.037752 
0.077644 
0.232148 
0.533385 
0.699607 
0.773156 
0.756070 
0.642400 
0.416252 
0.053837 
0.000000 
0.000000 
0.000000 
0.000000 
0.000000 
0.000000 
0.000000 
0.000000 
0.000000 
0.000000 
0.000000 
0.000000 
0.000000 
0.015481 
0.038567 
0.077022 
0.200178 
0.412222 
0.444444 
0.454496 
0.503704 
0.540670 
0.296237 
0.003678 
0.000000 
0.000000 
0.000000 
0.000000 
0.000000 
0.000000 
0.000000 
0.000000 
0.000000 
0.000000 
0.000000 
0.000000 
0.000000 
0.025844 
0.112804 
0.144859 
0.232785 
0.470915 
0.619652 
0.688385 
0.673096 
0.561256 
0.345244 
0.038189 
0.000000 
0.000000 
0.000000 
0.000000 
0.000000 
0.000000 
0.000000 
0.000000 
0.000000 
0.000000 
0.000000 
0.000000 
0.000000 
0.014933 
0.105533 
0.235826 
0.359715 
0.395411 
0.216333 
0.308319 
0.257830 
0.159674 
0.038204 
0.000000 
0.000000 
0.000000 
0.000000 
0.000000 
0.000000 
0.000000 
0.000000 
0.000000 
0.000000 
0.000000 
0.000000 
0.000000 
0.000000 
0.019059 
0.085463 
0.165730 
0.221504 
0.438222 
0.517367 
0.605007 
0.636796 
0.528459 
0.325059 
0.030081 
0.000000 
0.000000 
0.000000 
0.000000 
0.000000 
0.000000 
0.000000 
0.000000 
0.000000 
0.000000 
0.000000 
0.000000 
0.000000 
0.045889 
0.133033 
0.199852 
0.232630 
0.255244 
0.237119 
0.342041 
0.510211 
0.324578 
0.049456 
0.000000 
0.000000 
0.000000 
0.000000 
0.000000 
0.000000 
0.000000 
0.000000 
0.000000 
0.000000 
0.000000 
0.000000 
0.000000 
0.000000 
0.015785 
0.081900 
0.091619 
0.186733 
0.439748 
0.600426 
0.671067 
0.653604 
0.545867 
0.330970 
0.033867 
0.000000 
0.000000 
0.000000 
0.000000 
0.000000 
0.000000 
0.000000 
0.000000 
0.000000 
0.000000 
0.000000 
0.000000 
0.000000 
0.007867 
0.051170 
0.124396 
0.164407 
0.206215 
0.281493 
0.487407 
0.364048 
0.152944 
0.016315 
0.000000 
0.000000 
0.000000 
0.000000 
0.000000 
0.000000 
0.000000 
0.000000 
0.000000 
0.000000 
0.000000 
0.000000 
0.000000 
0.000000 
0.012259 
0.069993 
0.092885 
0.215230 
0.233459 
0.219430 
0.180593 
0.211889 
0.195219 
0.082137 
0.001944 
0.000000 
0.000000 
0.000000 
0.000000 
0.000000 
0.000000 
0.000000 
0.000000 
0.000000 
0.000000 
0.000000 
0.000000 
0.000000 
0.006133 
0.030826 
0.052237 
0.075904 
0.104411 
0.107274 
0.056081 
0.067337 
0.092952 
0.021622 
0.000000 
0.000000 
0.000000 
0.000000 
0.000000 
0.000000 
0.000000 
0.000000 
0.000000 
0.000000 
0.000000 
0.000000 
0.000000 
0.000000 
0.000000 
0.024507 
0.104367 
0.188111 
0.154937 
0.123385 
0.106115 
0.098048 
0.034633 
0.005148 
0.000000 
0.000000 
0.000000 
0.000000 
0.000000 
0.000000 
0.000000 
0.000000 
0.000000 
0.000000 
0.000000 
0.000000 
0.000000 
0.000000 
0.018993 
0.037722 
0.036778 
0.088933 
0.155022 
0.187556 
0.227337 
0.111741 
0.065056 
0.022519 
0.000000 
0.000000 
0.000000 
0.000000 
0.000000 
0.000000 
0.000000 
0.000000 
0.000000 
0.000000 
0.000000 
0.000000 
0.000000 
0.000000 
0.000000 
0.009737 
0.067015 
0.093433 
0.107656 
0.082778 
0.071811 
0.102467 
0.046144 
0.028167 
0.000000 
0.000000 
0.000000 
0.000000 
0.000000 
0.000000 
0.000000 
0.000000 
0.000000 
0.000000 
0.000000 
0.000000 
0.000000 
0.000000 
0.015874 
0.087022 
0.158663 
0.342063 
0.394256 
0.420715 
0.482211 
0.393819 
0.477952 
0.351452 
0.030111 
0.000000 
0.000000 
0.000000 
0.000000 
0.000000 
0.000000 
0.000000 
0.000000 
0.000000 
0.000000 
0.000000 
0.000000 
0.000000 
0.012530 
0.034900 
0.060037 
0.187837 
0.474952 
0.649626 
0.731107 
0.723967 
0.605878 
0.324726 
0.026341 
0.000000 
0.000000 
0.000000 
0.000000 
0.000000 
0.000000 
0.000000 
0.000000 
0.000000 
0.000000 
0.000000 
0.000000 
0.000000 
0.019096 
0.086533 
0.181244 
0.331493 
0.450556 
0.664878 
0.727648 
0.700537 
0.565156 
0.352481 
0.029474 
0.000000 
0.000000 
0.000000 
0.000000 
0.000000 
0.000000 
0.000000 
0.000000 
0.000000 
0.000000 
0.000000 
0.000000 
0.000000 
0.012941 
0.052719 
0.068507 
0.174030 
0.426119 
0.589226 
0.666415 
0.653426 
0.357967 
0.218504 
0.012500 
0.000000 
0.000000 
0.000000 
0.000000 
0.000000 
0.000000 
0.000000 
0.000000 
0.000000 
0.000000 
0.000000 
0.000000 
0.000000 
0.007163 
0.073985 
0.118059 
0.233578 
0.354152 
0.255159 
0.289544 
0.248352 
0.108844 
0.041541 
0.000000 
0.000000 
0.000000 
0.000000 
0.000000 
0.000000 
0.000000 
0.000000 
0.000000 
0.000000 
0.000000 
0.000000 
0.000000 
0.000000 
0.010744 
0.086700 
0.101867 
0.213563 
0.352648 
0.394993 
0.495004 
0.367341 
0.335874 
0.082378 
0.000793 
0.000000 
0.000000 
0.000000 
0.000000 
0.000000 
0.000000 
0.000000 
0.000000 
0.000000 
0.000000 
0.000000 
0.000000 
0.000000 
0.007441 
0.048637 
0.068859 
0.186204 
0.397959 
0.574741 
0.637378 
0.629744 
0.517511 
0.274507 
0.024367 
0.000000 
0.000000 
0.000000 
0.000000 
0.000000 
0.000000 
0.000000 
0.000000 
0.000000 
0.000000 
0.000000 
0.000000 
0.000000 
0.009578 
0.031230 
0.050804 
0.152833 
0.385930 
0.521567 
0.478630 
0.566115 
0.472289 
0.277581 
0.008411 
0.000000 
0.000000 
0.000000 
0.000000 
0.000000 
0.000000 
0.000000 
0.000000 
0.000000 
0.000000 
0.000000 
0.000000 
0.000000 
0.004237 
0.044263 
0.080759 
0.094270 
0.114748 
0.165000 
0.373274 
0.374515 
0.261119 
0.106581 
0.003833 
0.000000 
0.000000 
0.000000 
0.000000 
0.000000 
0.000000 
0.000000 
0.000000 
0.000000 
0.000000 
0.000000 
0.000000 
0.000000 
0.000578 
0.017630 
0.089367 
0.161033 
0.205970 
0.261489 
0.162215 
0.103315 
0.066944 
0.025989 
0.000000 
0.000000 
0.000000 
0.000000 
0.000000 
0.000000 
0.000000 
0.000000 
0.000000 
0.000000 
0.000000 
0.000000 
0.000000 
0.000000 
0.000000 
0.010181 
0.086256 
0.123074 
0.247415 
0.350381 
0.221211 
0.231663 
0.318356 
0.108474 
0.002141 
0.000000 
0.000000 
0.000000 
0.000000 
0.000000 
0.000000 
0.000000 
0.000000 
0.000000 
0.000000 
0.000000 
0.000000 
0.000000 
0.004504 
0.030763 
0.075437 
0.103219 
0.163156 
0.145222 
0.149385 
0.112533 
0.073370 
0.027941 
0.000000 
0.000000 
0.000000 
0.000000 
0.000000 
0.000000 
0.000000 
0.000000 
0.000000 
0.000000 
0.000000 
0.000000 
0.000000 
0.000000 
0.006915 
0.044030 
0.124104 
0.217893 
0.315233 
0.470378 
0.410541 
0.263430 
0.236363 
0.222633 
0.019122 
0.000000 
0.000000 
0.000000 
0.000000 
0.000000 
0.000000 
0.000000 
0.000000 
0.000000 
0.000000 
0.000000 
0.000000 
0.000000 
0.000000 
0.032107 
0.063281 
0.094711 
0.109130 
0.128630 
0.130626 
0.118289 
0.060048 
0.015300 
0.000000 
0.000000 
0.000000 
0.000000 
0.000000 
0.000000 
0.000000 
0.000000 
0.000000 
0.000000 
0.000000 
0.000000 
0.000000 
0.000000 
0.008741 
0.037481 
0.060796 
0.175396 
0.415759 
0.595826 
0.700326 
0.684415 
0.564874 
0.328219 
0.027641 
0.000000 
0.000000 
0.000000 
0.000000 
0.000000 
0.000000 
0.000000 
0.000000 
0.000000 
0.000000 
0.000000 
0.000000 
0.000000 
0.004337 
0.030074 
0.126137 
0.184707 
0.364522 
0.537563 
0.567111 
0.509326 
0.394933 
0.167281 
0.003685 
0.000000 
0.000000 
0.000000 
0.000000 
0.000000 
0.000000 
0.000000 
0.000000 
0.000000 
0.000000 
0.000000 
0.000000 
0.000000 
0.011167 
0.050633 
0.085278 
0.170152 
0.437474 
0.604770 
0.421100 
0.461604 
0.304874 
0.116704 
0.005922 
0.000000 
0.000000 
0.000000 
0.000000 
0.000000 
0.000000 
0.000000 
0.000000 
0.000000 
0.000000 
0.000000 
0.000000 
0.000000 
0.000144 
0.020059 
0.038659 
0.149496 
0.064693 
0.068819 
0.055519 
0.028178 
0.020681 
0.003211 
0.000000 
0.000000 
0.000000 
0.000000 
0.000000 
0.000000 
0.000000 
0.000000 
0.000000 
0.000000 
0.000000 
0.000000 
0.000000 
0.000000 
0.006752 
0.034111 
0.110741 
0.163730 
0.201815 
0.189711 
0.167044 
0.332315 
0.505152 
0.302563 
0.019481 
0.000000 
0.000000 
0.000000 
0.000000 
0.000000 
0.000000 
0.000000 
0.000000 
0.000000 
0.000000 
0.000000 
0.000000 
0.000000 
0.006804 
0.030896 
0.046367 
0.136893 
0.378052 
0.560537 
0.650393 
0.656448 
0.564007 
0.352837 
0.043222 
0.000000 
0.000000 
0.000000 
0.000000 
0.000000 
0.000000 
0.000000 
0.000000 
0.000000 
0.000000 
0.000000 
0.000000 
0.000000 
0.006511 
0.030607 
0.045070 
0.133363 
0.373133 
0.558248 
0.645315 
0.645007 
0.547522 
0.338089 
0.033744 
0.000000 
0.000000 
0.000000 
0.000000 
0.000000 
0.000000 
0.000000 
0.000000 
0.000000 
0.000000 
0.000000 
0.000000 
0.000000 
0.006041 
0.030359 
0.045211 
0.130348 
0.358463 
0.534185 
0.616367 
0.618037 
0.522067 
0.316193 
0.030944 
0.000000 
0.000000 
0.000000 
0.000000 
0.000000 
0.000000 
0.000000 
0.000000 
0.000000 
0.000000 
0.000000 
0.000000 
0.000000 
0.006141 
0.034026 
0.051515 
0.133811 
0.341170 
0.542607 
0.561907 
0.562196 
0.488563 
0.314574 
0.028122 
0.000000 
0.000000 
0.000000 
0.000000 
0.000000 
0.000000 
0.000000 
0.000000 
0.000000 
0.000000 
0.000000 
0.000000 
0.000000 
0.014644 
0.056959 
0.143252 
0.217274 
0.210644 
0.313263 
0.255981 
0.329041 
0.217181 
0.162437 
0.034126 
0.000000 
0.000000 
0.000000 
0.000000 
0.000000 
0.000000 
0.000000 
0.000000 
0.000000 
0.000000 
0.000000 
0.000000 
0.000000 
0.000000 
0.039896 
0.075863 
0.087441 
0.077189 
0.112411 
0.138744 
0.123737 
0.098378 
0.062981 
0.000000 
0.000000 
0.000000 
0.000000 
0.000000 
0.000000 
0.000000 
0.000000 
0.000000 
0.000000 
0.000000 
0.000000 
0.000000 
0.000000 
0.000000 
0.001519 
0.027800 
0.019437 
0.034330 
0.251393 
0.407730 
0.642859 
0.557226 
0.350967 
0.042278 
0.000000 
0.000000 
0.000000 
0.000000 
0.000000 
0.000000 
0.000000 
0.000000 
0.000000 
0.000000 
0.000000 
0.000000 
0.000000 
0.002652 
0.050159 
0.198733 
0.242493 
0.363141 
0.544844 
0.646267 
0.666778 
0.573530 
0.362411 
0.043637 
0.000000 
0.000000 
0.000000 
0.000000 
0.000000 
0.000000 
0.000000 
0.000000 
0.000000 
0.000000 
0.000000 
0.000000 
0.000000 
0.005048 
0.029974 
0.045600 
0.132030 
0.381026 
0.563215 
0.656856 
0.662926 
0.567644 
0.359493 
0.044207 
0.000000 
0.000000 
0.000000 
0.000000 
0.000000 
0.000000 
0.000000 
0.000000 
0.000000 
0.000000 
0.000000 
0.000000 
0.000000 
0.005563 
0.032104 
0.048000 
0.129459 
0.361815 
0.563452 
0.665474 
0.678156 
0.586585 
0.378826 
0.048911 
0.000000 
0.000000 
0.000000 
0.000000 
0.000000 
0.000000 
0.000000 
0.000000 
0.000000 
0.000000 
0.000000 
0.000000 
0.000000 
0.004526 
0.067493 
0.140319 
0.168881 
0.205804 
0.159122 
0.192119 
0.304204 
0.078315 
0.016759 
0.001059 
0.000000 
0.000000 
0.000000 
0.000000 
0.000000 
0.000000 
0.000000 
0.000000 
0.000000 
0.000000 
0.000000 
0.000000 
0.000000 
0.003133 
0.054144 
0.153356 
0.247604 
0.369489 
0.453696 
0.530756 
0.499278 
0.165304 
0.080289 
0.000996 
0.000000 
0.000000 
0.000000 
0.000000 
0.000000 
0.000000 
0.000000 
0.000000 
0.000000 
0.000000 
0.000000 
0.000000 
0.000000 
0.002170 
0.060981 
0.190122 
0.283281 
0.333307 
0.367130 
0.325556 
0.376826 
0.208304 
0.068193 
0.003448 
0.000000 
0.000000 
0.000000 
0.000000 
0.000000 
0.000000 
0.000000 
0.000000 
0.000000 
0.000000 
0.000000 
0.000000 
0.000000 
0.002956 
0.029970 
0.125989 
0.150870 
0.361478 
0.489522 
0.499433 
0.458889 
0.272133 
0.115085 
0.007667 
0.000000 
0.000000 
0.000000 
0.000000 
0.000000 
0.000000 
0.000000 
0.000000 
0.000000 
0.000000 
0.000000 
0.000000 
0.000000 
0.006856 
0.063789 
0.178070 
0.230526 
0.413622 
0.350381 
0.151711 
0.084933 
0.061530 
0.055833 
0.000000 
0.000000 
0.000000 
0.000000 
0.000000 
0.000000 
0.000000 
0.000000 
0.000000 
0.000000 
0.000000 
0.000000 
0.000000 
0.000000 
0.000304 
0.056063 
0.165589 
0.225396 
0.313315 
0.332056 
0.286389 
0.271656 
0.148619 
0.054337 
0.002378 
0.000000 
0.000000 
0.000000 
0.000000 
0.000000 
0.000000 
0.000000 
0.000000 
0.000000 
0.000000 
0.000000 
0.000000 
0.000000 
0.001193 
0.031078 
0.109444 
0.260693 
0.268341 
0.321048 
0.489733 
0.580156 
0.498800 
0.314378 
0.059252 
0.000000 
0.000000 
0.000000 
0.000000 
0.000000 
0.000000 
